0 1692 2252 1103 2522 396 1446 424 1424 749 902 1546 2553 2378 1014 1259 1017 1167 813 1404 885 1329 882 1206 1194 1510 1571 415 2080 2144 886 790 2640 1803 1576 1172 2518 1224 2102 1358 2697 661 2250 1668 923 2114 429 2522 442 1706 1128 2474 1010 1394 1707 795 1359 718 1030 1152 1043 1259 288 1365 1250 1286 593 1617 1240 1386 2635 801 1531 941 628 2648 1048 2442 1007 862 1219 2186 1715 888 1733 1508 1254 1219 806 643 752 302 412 1358 2431 2376 814 782 1468 2643 
1692 0 1708 2402 1185 2056 1391 1619 1342 2441 2358 1606 969 1661 2445 2830 2455 2836 2310 1603 2501 2896 1921 2894 893 2670 1737 1363 1500 1190 1592 2165 1069 1451 1893 2857 1143 2917 961 336 1984 1536 1834 256 2124 1636 1932 1595 2094 416 1146 1302 2577 331 1529 1902 1400 1160 2626 1851 1006 1802 1979 331 2526 2618 1102 710 573 2887 1901 2458 462 2543 2076 1045 1663 1262 2647 1670 842 569 1513 2581 832 1752 1218 2806 1419 2301 1978 1769 1399 2963 793 1200 2093 1911 3155 1830 
2252 1708 0 3332 1073 2622 811 2501 829 2793 2264 782 1532 221 2279 3482 2292 3286 3065 934 2582 3551 1703 3245 1183 3716 846 1855 214 592 2769 2086 1532 448 983 3047 1133 3215 850 1730 450 2591 171 1452 1895 139 2138 507 2669 1292 1137 823 3246 1827 567 2916 902 1572 2625 1377 1275 1227 2473 1650 3479 3529 1872 1020 1423 3630 401 2640 1287 2582 2870 1615 1333 832 3193 2811 1192 1530 552 2913 880 926 1001 3435 2587 2842 1885 2515 1845 3554 1633 826 3018 1786 3314 454 
1103 2402 3332 0 3447 822 2538 850 2511 1030 1695 2649 3362 3441 1794 624 1789 928 372 2508 1444 660 1928 1101 2203 417 2675 1478 3149 3152 844 1696 3458 2886 2674 1336 3428 1189 3060 2087 3771 867 3343 2479 1895 3197 1394 3555 785 2568 2195 3447 497 2071 2801 500 2454 1763 1572 2235 2076 2353 973 2131 147 216 1502 2575 2132 554 3704 1293 2416 1507 477 3443 2147 3412 718 758 2215 2965 2808 1061 2712 2611 2332 644 992 747 1760 819 1491 784 3196 3344 324 1821 1498 3701 
2522 1185 1073 3447 0 2919 1423 2605 1400 3218 2883 1552 502 890 2934 3770 2946 3681 3277 1655 3135 3839 2328 3691 1343 3765 1675 2113 972 553 2700 2683 474 1178 1851 3569 69 3688 437 1413 1079 2593 1244 1007 2548 1107 2591 652 2964 887 1498 259 3515 1468 1342 2961 1499 1818 3221 2087 1506 1965 2799 1349 3583 3661 1971 905 1316 3869 1007 3145 1030 3156 3049 564 1957 242 3530 2768 1310 704 1319 3354 805 1738 1442 3734 2515 3166 2468 2701 2128 3879 670 253 3124 2373 3863 894 
396 2056 2622 822 2919 0 1812 533 1793 436 907 1891 2940 2758 1014 867 1012 781 473 1743 737 937 1110 843 1590 1238 1899 811 2458 2538 944 880 3029 2175 1879 876 2914 878 2499 1720 3071 764 2610 2050 1074 2484 574 2911 47 2096 1513 2870 623 1745 2068 697 1722 1113 886 1428 1437 1555 157 1735 960 970 973 2014 1630 1007 3011 604 1922 802 374 3034 1361 2838 611 886 1616 2567 2078 560 2130 1830 1633 825 942 249 938 329 804 962 2811 2773 609 1002 1154 3024 
1446 1391 811 2538 1423 1812 0 1724 50 1989 1511 216 1709 963 1545 2670 1557 2480 2259 242 1806 2740 942 2447 555 2931 345 1062 663 894 2040 1320 1756 366 508 2265 1453 2423 1005 1258 1261 1843 805 1165 1153 672 1332 1164 1859 1051 382 1263 2435 1362 264 2144 93 800 1866 666 561 541 1662 1187 2685 2729 1130 740 895 2820 1205 1850 934 1814 2070 1810 560 1245 2382 2071 593 1508 269 2112 714 369 237 2624 1867 2031 1108 1719 1046 2744 1707 1196 2229 1009 2544 1231 
424 1619 2501 850 2605 533 1724 0 1693 969 1307 1858 2553 2600 1420 1210 1421 1257 691 1728 1228 1276 1295 1350 1355 1216 1904 670 2312 2301 464 1210 2648 2059 1934 1410 2590 1397 2212 1288 2933 247 2524 1660 1347 2369 849 2706 553 1736 1365 2598 958 1293 1988 420 1646 930 1379 1539 1233 1630 554 1320 993 1061 651 1725 1289 1275 2865 1113 1577 1291 456 2641 1411 2563 1047 438 1365 2163 1992 1092 1862 1849 1506 1187 416 738 1175 206 696 1345 2402 2495 527 1199 1683 2857 
1424 1342 829 2511 1400 1793 50 1693 0 1980 1518 266 1674 972 1555 2654 1568 2471 2237 281 1807 2724 950 2442 506 2902 394 1033 671 878 2002 1325 1723 381 555 2265 1427 2419 977 1208 1277 1807 832 1116 1165 690 1324 1163 1840 1005 341 1246 2417 1311 297 2112 99 765 1872 687 517 569 1645 1137 2658 2704 1092 696 845 2801 1219 1848 886 1817 2045 1776 569 1227 2369 2034 543 1466 299 2105 675 415 195 2608 1827 2015 1112 1692 1020 2730 1668 1176 2201 1013 2546 1240 
749 2441 2793 1030 3218 436 1989 969 1980 0 721 2024 3286 2952 802 769 794 493 664 1871 420 829 1136 473 1874 1416 2003 1117 2651 2792 1366 795 3371 2355 1944 441 3220 478 2786 2107 3244 1197 2755 2409 1017 2654 656 3136 420 2437 1749 3141 617 2141 2226 1078 1896 1401 542 1481 1712 1626 465 2114 1136 1102 1340 2315 1973 969 3192 269 2259 480 712 3383 1469 3113 454 1301 1908 2927 2240 140 2415 1926 1848 713 1376 300 945 764 1095 791 3172 3050 933 1035 725 3220 
902 2358 2264 1695 2883 907 1511 1307 1518 721 0 1483 3056 2450 113 1487 115 1161 1323 1334 348 1544 569 1060 1592 2102 1427 1026 2158 2390 1771 201 3126 1859 1329 804 2899 1004 2446 2052 2705 1553 2196 2252 370 2130 485 2672 931 2231 1391 2757 1334 2118 1706 1592 1421 1199 361 888 1431 1039 791 2031 1819 1800 1324 2027 1807 1690 2664 467 2054 328 1280 3158 951 2735 1173 1733 1638 2745 1725 781 2088 1346 1442 1430 1707 954 415 1127 982 1491 2984 2679 1516 509 1053 2712 
1546 1606 782 2649 1552 1891 216 1858 266 2024 1483 0 1876 969 1501 2735 1514 2518 2352 153 1800 2804 921 2469 767 3050 136 1188 685 1005 2201 1304 1916 395 312 2265 1589 2437 1154 1473 1227 1996 731 1376 1114 647 1375 1207 1938 1258 570 1366 2508 1576 229 2279 240 955 1843 598 756 452 1737 1403 2796 2833 1296 943 1109 2896 1183 1861 1147 1800 2174 1975 555 1354 2438 2226 807 1700 250 2140 899 185 435 2686 2033 2096 1104 1832 1166 2797 1889 1312 2348 1005 2532 1229 
2553 969 1532 3362 502 2940 1709 2553 1674 3286 3056 1876 0 1370 3122 3756 3133 3720 3243 1950 3267 3824 2531 3755 1464 3639 2008 2170 1397 956 2561 2854 100 1542 2186 3672 433 3765 733 1274 1580 2494 1701 894 2751 1541 2702 1150 2982 849 1674 755 3501 1296 1693 2863 1767 1900 3371 2342 1626 2240 2840 1234 3489 3578 1967 1033 1314 3829 1507 3254 1028 3298 3009 102 2186 730 3547 2637 1419 399 1670 3426 1002 2059 1660 3727 2386 3189 2644 2682 2195 3880 215 715 3047 2557 3971 1395 
2378 1661 221 3441 890 2758 963 2600 972 2952 2450 969 1370 0 2470 3622 2483 3443 3190 1116 2760 3692 1884 3410 1254 3816 1046 1972 301 482 2838 2267 1360 598 1192 3222 954 3385 740 1727 343 2672 379 1410 2083 329 2295 287 2805 1248 1250 633 3381 1819 743 3008 1056 1679 2810 1567 1367 1420 2612 1647 3587 3642 1958 1013 1450 3763 267 2811 1273 2763 2986 1446 1507 649 3340 2885 1254 1415 725 3075 863 1125 1124 3577 2652 2984 2061 2629 1967 3701 1490 655 3122 1962 3495 268 
1014 2445 2279 1794 2934 1014 1545 1420 1555 802 113 1501 3122 2470 0 1560 13 1219 1422 1355 402 1615 606 1105 1661 2198 1436 1125 2183 2432 1884 280 3190 1884 1326 830 2953 1042 2499 2144 2715 1666 2203 2332 391 2146 595 2700 1037 2305 1451 2800 1418 2212 1728 1702 1457 1285 370 902 1502 1051 902 2120 1915 1893 1425 2090 1889 1767 2677 538 2129 364 1386 3224 986 2779 1248 1846 1708 2819 1747 848 2146 1354 1492 1502 1820 1049 478 1240 1080 1555 3056 2724 1622 565 1057 2730 
1259 2830 3482 624 3770 867 2670 1210 2654 769 1487 2735 3756 3622 1560 0 1552 399 523 2584 1162 70 1885 578 2452 839 2730 1674 3322 3403 1387 1562 3848 3035 2688 876 3761 674 3356 2498 3931 1333 3462 2861 1783 3343 1367 3778 820 2924 2380 3731 255 2503 2922 1020 2579 1977 1247 2226 2302 2365 1010 2527 630 534 1802 2868 2464 214 3873 1023 2756 1211 755 3845 2189 3699 315 1301 2476 3370 2933 714 2990 2656 2499 58 1495 640 1696 1075 1670 160 3611 3633 804 1780 950 3889 
1017 2455 2292 1789 2946 1012 1557 1421 1568 794 115 1514 3133 2483 13 1552 0 1209 1417 1368 392 1606 619 1094 1672 2192 1449 1132 2196 2444 1885 289 3202 1897 1339 818 2965 1031 2511 2152 2728 1668 2216 2342 404 2159 599 2713 1034 2315 1462 2812 1411 2220 1741 1701 1470 1294 358 915 1513 1064 901 2129 1910 1887 1432 2102 1899 1759 2690 529 2140 354 1383 3235 999 2791 1240 1846 1719 2830 1760 839 2157 1367 1504 1494 1822 1044 489 1240 1088 1545 3067 2737 1620 576 1044 2743 
1167 2836 3286 928 3681 781 2480 1257 2471 493 1161 2518 3720 3443 1219 399 1209 0 671 2364 817 431 1624 181 2340 1218 2495 1567 3142 3271 1548 1269 3808 2847 2432 478 3679 276 3254 2500 3737 1438 3249 2831 1490 3147 1148 3622 742 2873 2230 3615 433 2521 2719 1198 2387 1863 879 1970 2181 2116 883 2517 977 899 1754 2775 2407 612 3684 697 2698 857 853 3814 1962 3586 229 1468 2371 3348 2733 386 2882 2418 2334 346 1615 535 1433 1076 1552 341 3593 3522 996 1525 572 3711 
813 2310 3065 372 3277 473 2259 691 2237 664 1323 2352 3243 3190 1422 523 1417 671 0 2206 1074 587 1583 819 1981 780 2366 1218 2893 2937 889 1331 3336 2617 2351 1007 3264 896 2871 1979 3511 813 3062 2349 1535 2928 1046 3326 431 2419 1939 3252 279 1982 2519 530 2172 1517 1205 1902 1840 2027 630 2011 497 497 1306 2382 1963 592 3448 923 2254 1138 234 3331 1830 3218 441 806 2001 2854 2528 711 2510 2298 2067 506 979 375 1408 576 1223 667 3093 3151 325 1475 1209 3454 
1404 1603 934 2508 1655 1743 242 1728 281 1871 1334 153 1950 1116 1355 2584 1368 2364 2206 0 1648 2652 769 2316 730 2911 180 1058 827 1116 2085 1153 1997 530 293 2113 1688 2283 1243 1440 1380 1875 884 1386 967 797 1222 1346 1789 1282 501 1483 2358 1542 372 2148 203 844 1694 455 686 315 1588 1374 2654 2689 1188 976 1077 2746 1335 1708 1154 1649 2032 2052 402 1468 2285 2106 775 1748 391 1986 956 155 390 2534 1921 1946 951 1694 1033 2645 1949 1422 2211 852 2381 1379 
885 2501 2582 1444 3135 737 1806 1228 1807 420 348 1800 3267 2760 402 1162 392 817 1074 1648 0 1215 879 711 1810 1836 1754 1138 2464 2665 1671 496 3344 2163 1666 465 3146 657 2698 2179 3027 1473 2522 2426 705 2445 571 2970 745 2426 1637 3027 1034 2231 2018 1432 1714 1372 150 1215 1645 1366 674 2170 1555 1522 1415 2253 1979 1370 2983 151 2246 66 1083 3368 1252 3002 852 1619 1852 2935 2035 447 2332 1674 1708 1103 1644 700 698 1027 1102 1152 3178 2943 1316 798 738 3025 
1329 2896 3551 660 3839 937 2740 1276 2724 829 1544 2804 3824 3692 1615 70 1606 431 587 2652 1215 0 1950 604 2522 842 2797 1745 3392 3474 1442 1624 3916 3105 2754 910 3830 700 3426 2565 4001 1394 3530 2929 1845 3412 1434 3848 890 2993 2450 3801 324 2569 2991 1075 2649 2047 1295 2291 2372 2431 1079 2595 652 549 1871 2938 2533 186 3943 1078 2825 1262 820 3913 2257 3769 376 1355 2546 3437 3002 767 3060 2723 2569 118 1554 709 1761 1144 1740 133 3678 3703 859 1846 963 3959 
882 1921 1703 1928 2328 1110 942 1295 950 1136 569 921 2531 1884 606 1885 619 1624 1583 769 879 1950 0 1560 1083 2345 878 749 1591 1825 1739 383 2596 1291 808 1344 2348 1521 1894 1647 2148 1510 1644 1778 220 1567 537 2104 1151 1733 856 2193 1683 1729 1141 1676 853 785 926 345 934 493 955 1610 2069 2080 1029 1498 1350 2066 2104 947 1563 879 1458 2634 382 2172 1575 1729 1132 2246 1158 1239 1545 798 887 1832 1621 1266 191 1180 702 1926 2478 2117 1674 107 1612 2148 
1206 2894 3245 1101 3691 843 2447 1350 2442 473 1060 2469 3755 3410 1105 578 1094 181 819 2316 711 604 1560 0 2348 1399 2437 1588 3110 3263 1676 1190 3840 2813 2363 313 3693 96 3260 2558 3695 1549 3199 2873 1408 3107 1120 3601 810 2906 2220 3614 603 2586 2678 1337 2354 1875 748 1904 2186 2053 917 2569 1156 1079 1799 2788 2441 788 3645 613 2728 740 979 3851 1914 3586 386 1599 2382 3391 2693 338 2888 2358 2315 526 1728 612 1370 1159 1567 500 3636 3523 1144 1466 397 3678 
1194 893 1183 2203 1343 1590 555 1355 506 1874 1592 767 1464 1254 1661 2452 1672 2340 1981 730 1810 2522 1083 2348 0 2567 885 779 980 955 1587 1390 1536 774 1023 2231 1346 2345 913 710 1594 1417 1242 708 1299 1062 1254 1352 1636 650 254 1280 2201 812 771 1757 535 478 1909 963 164 909 1462 644 2347 2410 706 444 347 2569 1521 1809 483 1838 1765 1565 780 1248 2198 1632 51 1163 764 2011 542 884 340 2413 1403 1833 1182 1407 789 2552 1397 1183 1881 1098 2528 1505 
1510 2670 3716 417 3765 1238 2931 1216 2902 1416 2102 3050 3639 3816 2198 839 2192 1218 780 2911 1836 842 2345 1399 2567 0 3081 1869 3528 3504 1078 2110 3738 3273 3085 1670 3741 1493 3395 2373 4149 1173 3734 2775 2311 3583 1811 3915 1201 2879 2579 3784 825 2343 3195 812 2849 2144 1956 2649 2448 2765 1390 2425 283 323 1861 2915 2463 669 4080 1684 2737 1896 890 3715 2558 3747 1043 1002 2574 3240 3200 1427 3058 3018 2718 882 1255 1148 2177 1217 1886 975 3462 3679 702 2237 1786 4071 
1571 1737 846 2675 1675 1899 345 1904 394 2003 1427 136 2008 1046 1436 2730 1449 2495 2366 180 1754 2797 878 2437 885 3081 0 1234 778 1124 2265 1257 2047 503 178 2220 1714 2400 1284 1594 1279 2055 769 1510 1057 717 1363 1299 1945 1394 671 1482 2509 1697 335 2323 349 1024 1788 539 857 388 1743 1525 2821 2853 1369 1079 1230 2897 1242 1825 1280 1749 2198 2108 540 1471 2427 2285 927 1836 358 2113 1035 81 546 2679 2102 2094 1067 1864 1208 2785 2025 1432 2381 971 2480 1299 
415 1363 1855 1478 2113 811 1062 670 1033 1117 1026 1188 2170 1972 1125 1674 1132 1567 1218 1058 1138 1745 749 1588 779 1869 1234 0 1676 1728 1049 851 2253 1408 1272 1508 2111 1595 1689 1041 2296 829 1866 1300 885 1719 571 2109 857 1320 721 2059 1425 1099 1325 1091 980 302 1265 911 627 981 685 1031 1625 1673 300 1208 858 1799 2232 1099 1141 1181 1015 2267 760 2027 1419 1060 806 1816 1331 1256 1320 1181 854 1634 905 1054 709 659 47 1773 2061 1962 1167 683 1808 2235 
2080 1500 214 3149 972 2458 663 2312 671 2651 2158 685 1397 301 2183 3322 2196 3142 2893 827 2464 3392 1591 3110 980 3528 778 1676 0 440 2567 1973 1409 300 937 2926 1025 3086 683 1517 621 2394 337 1244 1793 148 1995 522 2505 1086 955 742 3082 1614 456 2724 756 1386 2518 1282 1080 1137 2312 1436 3296 3349 1676 808 1210 3464 555 2512 1074 2469 2692 1485 1212 742 3039 2611 986 1355 436 2775 670 854 825 3276 2383 2684 1765 2335 1670 3400 1477 719 2832 1666 3201 569 
2144 1190 592 3152 553 2538 894 2301 878 2792 2390 1005 956 482 2432 3403 2444 3271 2937 1116 2665 3474 1825 3263 955 3504 1124 1728 440 0 2482 2194 970 625 1299 3113 597 3251 261 1291 793 2337 754 944 2042 585 2146 427 2584 783 1043 368 3154 1375 790 2692 977 1426 2739 1560 1101 1430 2405 1213 3295 3361 1650 601 1061 3524 711 2691 838 2680 2720 1045 1446 351 3142 2538 938 941 767 2924 450 1189 956 3363 2294 2778 1979 2362 1734 3499 1042 307 2828 1882 3401 643 
886 1592 2769 844 2700 944 2040 464 2002 1366 1771 2201 2561 2838 1884 1387 1885 1548 889 2085 1671 1442 1739 1676 1587 1078 2265 1049 2567 2482 0 1675 2660 2344 2318 1793 2673 1739 2349 1297 3180 229 2815 1702 1806 2644 1314 2904 948 1813 1661 2737 1165 1265 2299 366 1973 1246 1822 1955 1500 2031 1000 1353 951 1052 910 1882 1422 1380 3106 1546 1682 1736 697 2637 1810 2699 1321 87 1584 2161 2300 1471 2031 2219 1808 1383 187 1092 1632 648 1086 1542 2384 2631 583 1648 2044 3081 
790 2165 2086 1696 2683 880 1320 1210 1325 795 201 1304 2854 2267 280 1562 289 1269 1331 1153 496 1624 383 1190 1390 2110 1257 851 1973 2194 1675 0 2924 1672 1174 962 2698 1146 2246 1864 2531 1451 2025 2054 221 1950 361 2484 913 2031 1190 2559 1383 1933 1524 1534 1229 1005 546 719 1230 869 743 1840 1828 1822 1151 1825 1610 1756 2487 577 1854 496 1252 2956 761 2537 1247 1646 1436 2545 1541 882 1887 1177 1243 1506 1594 979 215 1049 805 1585 2783 2480 1484 312 1228 2531 
2640 1069 1532 3458 474 3029 1756 2648 1723 3371 3126 1916 100 1360 3190 3848 3202 3808 3336 1997 3344 3916 2596 3840 1536 3738 2047 2253 1409 970 2660 2924 0 1571 2225 3753 407 3848 764 1371 1551 2591 1702 987 2817 1551 2780 1126 3071 934 1740 733 3593 1395 1726 2960 1818 1979 3445 2398 1700 2291 2927 1329 3586 3675 2056 1100 1400 3923 1481 3334 1111 3373 3103 92 2246 712 3637 2736 1493 499 1703 3510 1058 2101 1719 3819 2484 3278 2713 2774 2277 3971 311 707 3143 2625 4052 1366 
1803 1451 448 2886 1178 2175 366 2059 381 2355 1859 395 1542 598 1884 3035 1897 2847 2617 530 2163 3105 1291 2813 774 3273 503 1408 300 625 2344 1672 1571 0 675 2625 1220 2787 809 1401 896 2159 471 1200 1494 311 1699 816 2222 1055 694 978 2798 1503 168 2476 459 1129 2217 986 844 843 2026 1322 3033 3081 1439 741 1060 3182 838 2213 995 2169 2422 1639 911 968 2749 2382 793 1424 145 2478 643 573 554 2989 2164 2396 1465 2068 1397 3110 1585 931 2573 1365 2900 865 
1576 1893 983 2674 1851 1879 508 1934 555 1944 1329 312 2186 1192 1326 2688 1339 2432 2351 293 1666 2754 808 2363 1023 3085 178 1272 937 1299 2318 1174 2225 675 0 2131 1890 2320 1462 1733 1400 2101 884 1671 962 862 1324 1454 1923 1560 791 1653 2477 1834 508 2349 493 1096 1687 463 973 324 1722 1667 2819 2844 1440 1249 1370 2863 1370 1749 1440 1656 2196 2286 527 1644 2380 2332 1068 2011 532 2047 1211 141 683 2635 2162 2060 999 1875 1240 2733 2201 1606 2390 909 2380 1437 
1172 2857 3047 1336 3569 876 2265 1410 2265 441 804 2265 3672 3222 830 876 818 478 1007 2113 465 910 1344 313 2231 1670 2220 1508 2926 3113 1793 962 3753 2625 2131 0 3576 227 3133 2525 3492 1634 2988 2809 1169 2910 977 3429 858 2824 2076 3472 849 2565 2482 1485 2173 1773 461 1681 2067 1832 898 2527 1411 1347 1755 2676 2366 1090 3448 423 2645 475 1115 3771 1715 3446 627 1725 2270 3324 2498 322 2763 2139 2157 821 1814 702 1162 1205 1479 813 3569 3385 1315 1261 299 3488 
2518 1143 1133 3428 69 2914 1453 2590 1427 3220 2899 1589 433 954 2953 3761 2965 3679 3264 1688 3146 3830 2348 3693 1346 3741 1714 2111 1025 597 2673 2698 407 1220 1890 3576 0 3692 454 1381 1147 2571 1304 974 2568 1162 2598 720 2958 861 1510 325 3506 1432 1383 2940 1526 1818 3235 2114 1510 1995 2797 1320 3563 3643 1960 905 1302 3856 1075 3153 1012 3169 3036 496 1980 305 3525 2742 1311 646 1359 3357 814 1775 1461 3726 2489 3161 2484 2690 2128 3872 602 307 3105 2390 3871 962 
1224 2917 3215 1189 3688 878 2423 1397 2419 478 1004 2437 3765 3385 1042 674 1031 276 896 2283 657 700 1521 96 2345 1493 2400 1595 3086 3251 1739 1146 3848 2787 2320 227 3692 0 3255 2581 3664 1603 3164 2888 1360 3077 1104 3581 849 2915 2208 3604 692 2613 2649 1406 2330 1876 679 1864 2182 2014 938 2590 1248 1173 1817 2787 2451 884 3616 575 2737 679 1044 3861 1882 3577 471 1664 2380 3405 2664 338 2884 2320 2299 622 1783 659 1334 1200 1571 594 3651 3515 1218 1431 313 3652 
2102 961 850 3060 437 2499 1005 2212 977 2786 2446 1154 733 740 2499 3356 2511 3254 2871 1243 2698 3426 1894 3260 913 3395 1284 1689 683 261 2349 2246 764 809 1462 3133 454 3255 0 1104 1037 2222 1009 727 2114 831 2156 634 2544 573 1060 388 3103 1179 962 2585 1075 1391 2784 1663 1074 1546 2375 1031 3200 3273 1567 488 932 3463 955 2709 669 2719 2647 829 1526 351 3109 2411 883 680 939 2922 371 1340 1006 3319 2162 2744 2031 2294 1702 3460 794 283 2736 1937 3426 874 
1358 336 1730 2087 1413 1720 1258 1288 1208 2107 2052 1473 1274 1727 2144 2498 2152 2500 1979 1440 2179 2565 1647 2558 710 2373 1594 1041 1517 1291 1297 1864 1371 1401 1733 2525 1381 2581 1104 0 2065 1219 1832 406 1840 1636 1612 1716 1757 535 948 1480 2244 103 1443 1589 1245 867 2306 1620 780 1594 1643 80 2215 2303 770 714 364 2560 1984 2130 454 2223 1745 1357 1430 1441 2311 1370 667 878 1431 2246 864 1594 1050 2473 1117 1965 1686 1434 1080 2629 1114 1375 1772 1626 2823 1931 
2697 1984 450 3771 1079 3071 1261 2933 1277 3244 2705 1227 1580 343 2715 3931 2728 3737 3511 1380 3027 4001 2148 3695 1594 4149 1279 2296 621 793 3180 2531 1551 896 1400 3492 1147 3664 1037 2065 0 3011 515 1736 2335 590 2589 432 3118 1575 1575 826 3694 2155 1017 3344 1353 2008 3066 1817 1701 1666 2922 1986 3917 3969 2295 1354 1794 4078 82 3088 1611 3026 3312 1642 1781 854 3643 3226 1596 1688 1003 3363 1202 1360 1443 3885 2994 3292 2331 2955 2288 4005 1728 883 3454 2233 3757 185 
661 1536 2591 867 2593 764 1843 247 1807 1197 1553 1996 2494 2672 1666 1333 1668 1438 813 1875 1473 1394 1510 1549 1417 1173 2055 829 2394 2337 229 1451 2591 2159 2101 1634 2571 1603 2222 1219 3011 0 2629 1614 1578 2463 1090 2754 777 1710 1469 2611 1092 1204 2105 370 1772 1044 1624 1730 1316 1809 799 1265 996 1083 720 1744 1290 1362 2939 1356 1564 1537 591 2576 1588 2574 1217 231 1419 2097 2106 1313 1889 2006 1614 1319 180 944 1403 447 864 1480 2329 2506 558 1419 1899 2921 
2250 1834 171 3343 1244 2610 805 2524 832 2755 2196 731 1701 379 2203 3462 2216 3249 3062 884 2522 3530 1644 3199 1242 3734 769 1866 337 754 2815 2025 1702 471 884 2988 1304 3164 1009 1832 515 2629 0 1578 1826 198 2105 666 2657 1421 1161 994 3231 1932 543 2942 891 1594 2557 1308 1315 1157 2458 1752 3490 3534 1909 1133 1509 3617 489 2589 1399 2518 2875 1784 1286 1003 3167 2853 1257 1687 535 2870 1002 850 1018 3413 2636 2822 1830 2524 1851 3527 1797 997 3033 1733 3249 571 
1668 256 1452 2479 1007 2050 1165 1660 1116 2409 2252 1376 894 1410 2332 2861 2342 2831 2349 1386 2426 2929 1778 2873 708 2775 1510 1300 1244 944 1702 2054 987 1200 1671 2809 974 2888 727 406 1736 1614 1578 0 1989 1380 1855 1357 2091 161 960 1089 2606 463 1285 1984 1182 1057 2542 1671 845 1608 1956 349 2609 2695 1077 458 447 2936 1653 2398 232 2463 2116 985 1489 1049 2654 1773 657 517 1268 2549 575 1531 1011 2832 1520 2299 1856 1787 1331 2985 762 984 2160 1781 3109 1587 
923 2124 1895 1895 2548 1074 1153 1347 1165 1017 370 1114 2751 2083 391 1783 404 1490 1535 967 705 1845 220 1408 1299 2311 1057 885 1793 2042 1806 221 2817 1494 962 1169 2568 1360 2114 1840 2335 1578 1826 1989 0 1761 515 2310 1110 1949 1077 2410 1600 1918 1340 1698 1066 973 731 518 1147 669 928 1808 2030 2030 1180 1718 1556 1975 2295 796 1777 694 1440 2854 595 2389 1468 1785 1348 2463 1358 1104 1766 976 1107 1727 1706 1191 179 1204 837 1807 2696 2336 1667 214 1423 2344 
2114 1636 139 3197 1107 2484 672 2369 690 2654 2130 647 1541 329 2146 3343 2159 3147 2928 797 2445 3412 1567 3107 1062 3583 717 1719 148 585 2644 1950 1551 311 862 2910 1162 3077 831 1636 590 2463 198 1380 1761 0 1999 598 2531 1223 1004 868 3107 1735 428 2784 763 1438 2491 1244 1146 1095 2334 1556 3344 3393 1743 935 1317 3492 538 2502 1201 2446 2733 1629 1195 871 3054 2684 1074 1503 414 2774 804 797 865 3296 2462 2703 1748 2379 1709 3415 1625 854 2883 1649 3179 583 
429 1932 2138 1394 2591 574 1332 849 1324 656 485 1375 2702 2295 595 1367 599 1148 1046 1222 571 1434 537 1120 1254 1811 1363 571 1995 2146 1314 361 2780 1699 1324 977 2598 1104 2156 1612 2589 1090 2105 1855 515 1999 0 2481 614 1858 1104 2500 1152 1669 1572 1184 1239 803 693 865 1089 999 420 1601 1533 1543 859 1698 1408 1539 2536 554 1678 611 930 2802 824 2473 1064 1286 1293 2364 1585 782 1786 1289 1195 1315 1234 735 365 693 533 1422 2608 2412 1154 429 1274 2564 
2522 1595 507 3555 652 2911 1164 2706 1163 3136 2672 1207 1150 287 2700 3778 2713 3622 3326 1346 2970 3848 2104 3601 1352 3915 1299 2109 522 427 2904 2484 1126 816 1454 3429 720 3581 634 1716 432 2754 666 1357 2310 598 2481 0 2958 1199 1398 395 3532 1798 977 3103 1256 1808 3030 1802 1485 1658 2771 1638 3700 3762 2056 1027 1486 3908 356 3011 1264 2978 3114 1216 1722 422 3506 2958 1341 1261 957 3263 875 1375 1288 3735 2716 3145 2273 2755 2109 3866 1296 451 3233 2174 3708 251 
442 2094 2669 785 2964 47 1859 553 1840 420 931 1938 2982 2805 1037 820 1034 742 431 1789 745 890 1151 810 1636 1201 1945 857 2505 2584 948 913 3071 2222 1923 858 2958 849 2544 1757 3118 777 2657 2091 1110 2531 614 2958 0 2138 1560 2916 576 1781 2114 687 1769 1159 892 1471 1483 1599 201 1774 921 928 1015 2059 1673 961 3058 607 1965 811 349 3075 1406 2884 567 888 1661 2607 2124 539 2176 1875 1680 778 956 208 977 352 850 916 2851 2818 585 1043 1130 3071 
1706 416 1292 2568 887 2096 1051 1736 1005 2437 2231 1258 849 1248 2305 2924 2315 2873 2419 1282 2426 2993 1733 2906 650 2879 1394 1320 1086 783 1813 2031 934 1055 1560 2824 861 2915 573 535 1575 1710 1421 161 1949 1223 1858 1199 2138 0 891 945 2669 606 1150 2079 1079 1054 2535 1598 803 1523 1992 466 2703 2784 1125 319 466 3009 1492 2408 179 2459 2187 947 1422 905 2705 1881 601 514 1132 2577 420 1421 921 2893 1628 2345 1826 1849 1345 3043 753 839 2247 1746 3124 1426 
1128 1146 1137 2195 1498 1513 382 1365 341 1749 1391 570 1674 1250 1451 2380 1462 2230 1939 501 1637 2450 856 2220 254 2579 671 721 955 1043 1661 1190 1740 694 791 2076 1510 2208 1060 948 1575 1469 1161 960 1077 1004 1104 1398 1560 891 0 1396 2136 1048 638 1781 330 434 1724 711 186 655 1373 887 2342 2393 751 641 591 2515 1510 1653 731 1658 1736 1777 531 1369 2108 1695 305 1397 638 1881 697 657 146 2337 1486 1747 976 1380 716 2467 1624 1309 1880 886 2368 1515 
2474 1302 823 3447 259 2870 1263 2598 1246 3141 2757 1366 755 633 2800 3731 2812 3615 3252 1483 3027 3801 2193 3614 1280 3784 1482 2059 742 368 2737 2559 733 978 1653 3472 325 3604 388 1480 826 2611 994 1089 2410 868 2500 395 2916 945 1396 0 3479 1550 1146 2974 1346 1757 3104 1928 1435 1798 2742 1410 3587 3659 1951 872 1321 3843 752 3049 1056 3044 3030 821 1814 40 3478 2799 1255 894 1123 3275 741 1550 1318 3693 2550 3113 2344 2675 2068 3832 905 106 3123 2248 3762 642 
1010 2577 3246 497 3515 623 2435 958 2417 617 1334 2508 3501 3381 1418 255 1411 433 279 2358 1034 324 1683 603 2201 825 2509 1425 3082 3154 1165 1383 3593 2798 2477 849 3506 692 3103 2244 3694 1092 3231 2606 1600 3107 1152 3532 576 2669 2136 3479 0 2251 2689 801 2345 1728 1143 2017 2053 2152 773 2272 562 502 1547 2615 2208 387 3635 885 2501 1091 506 3590 1969 3446 223 1081 2224 3115 2700 606 2737 2437 2257 229 1259 417 1497 819 1422 389 3356 3380 589 1576 1000 3648 
1394 331 1827 2071 1468 1745 1362 1293 1311 2141 2118 1576 1296 1819 2212 2503 2220 2521 1982 1542 2231 2569 1729 2586 812 2343 1697 1099 1614 1375 1265 1933 1395 1503 1834 2565 1432 2613 1179 103 2155 1204 1932 463 1918 1735 1669 1798 1781 606 1048 1550 2251 0 1546 1571 1348 945 2362 1713 877 1690 1676 180 2195 2287 816 808 467 2557 2074 2177 545 2277 1748 1374 1522 1510 2327 1341 770 897 1535 2280 956 1696 1152 2480 1090 1987 1759 1449 1140 2638 1124 1445 1761 1703 2862 2018 
1707 1529 567 2801 1342 2068 264 1988 297 2226 1706 229 1693 743 1728 2922 1741 2719 2519 372 2018 2991 1141 2678 771 3195 335 1325 456 790 2299 1524 1726 168 508 2482 1383 2649 962 1443 1017 2105 543 1285 1340 428 1572 977 2114 1150 638 1146 2689 1546 0 2408 347 1063 2067 826 807 681 1916 1367 2948 2992 1389 831 1088 3075 967 2073 1067 2021 2332 1791 767 1136 2630 2332 799 1552 23 2346 755 405 491 2874 2124 2282 1320 1982 1310 2991 1725 1097 2493 1221 2753 1007 
795 1902 2916 500 2961 697 2144 420 2112 1078 1592 2279 2863 3008 1702 1020 1701 1198 530 2148 1432 1075 1676 1337 1757 812 2323 1091 2724 2692 366 1534 2960 2476 2349 1485 2940 1406 2585 1589 3344 370 2942 1984 1698 2784 1184 3103 687 2079 1781 2974 801 1571 2408 0 2066 1348 1579 1942 1643 2040 800 1635 626 715 1051 2104 1653 1018 3274 1293 1931 1498 370 2944 1823 2937 969 280 1763 2466 2412 1167 2246 2267 1924 1017 494 785 1537 496 1115 1176 2696 2869 216 1575 1716 3262 
1359 1400 902 2454 1499 1722 93 1646 99 1896 1421 240 1767 1056 1457 2579 1470 2387 2172 203 1714 2649 853 2354 535 2849 349 980 756 977 1973 1229 1818 459 493 2173 1526 2330 1075 1245 1353 1772 891 1182 1066 763 1239 1256 1769 1079 330 1346 2345 1348 347 2066 0 727 1776 588 515 473 1572 1177 2601 2644 1064 777 881 2730 1297 1757 950 1723 1984 1869 471 1327 2290 2001 578 1551 356 2019 766 352 197 2532 1801 1939 1017 1635 963 2652 1756 1276 2147 918 2452 1324 
718 1160 1572 1763 1818 1113 800 930 765 1401 1199 955 1900 1679 1285 1977 1294 1863 1517 844 1372 2047 785 1875 478 2144 1024 302 1386 1426 1246 1005 1979 1129 1096 1773 1818 1876 1391 867 2008 1044 1594 1057 973 1438 803 1808 1159 1054 434 1757 1728 945 1063 1348 727 0 1484 826 325 851 984 837 1909 1963 344 913 610 2100 1941 1354 875 1407 1308 1999 643 1726 1720 1273 508 1562 1065 1539 1020 985 576 1937 1078 1355 819 950 311 2075 1805 1661 1446 758 2072 1940 
1030 2626 2625 1572 3221 886 1866 1379 1872 542 361 1843 3371 2810 370 1247 358 879 1205 1694 150 1295 926 748 1909 1956 1788 1265 2518 2739 1822 546 3445 2217 1687 461 3235 679 2784 2306 3066 1624 2557 2542 731 2491 693 3030 892 2535 1724 3104 1143 2362 2067 1579 1776 1484 0 1249 1745 1400 825 2295 1678 1638 1548 2350 2094 1460 3025 287 2356 89 1227 3472 1307 3081 948 1769 1952 3046 2084 539 2421 1707 1786 1189 1794 834 760 1178 1226 1221 3288 3023 1458 858 692 3073 
1152 1851 1377 2235 2087 1428 666 1539 687 1481 888 598 2342 1567 902 2226 915 1970 1902 455 1215 2291 345 1904 963 2649 539 911 1282 1560 1955 719 2398 986 463 1681 2114 1864 1663 1620 1817 1730 1308 1671 518 1244 865 1802 1471 1598 711 1928 2017 1713 826 1942 588 826 1249 0 847 151 1271 1569 2378 2397 1140 1324 1282 2403 1776 1290 1442 1210 1759 2445 191 1911 1917 1958 1015 2096 846 1585 1340 458 685 2173 1816 1600 536 1454 871 2269 2315 1862 1963 446 1941 1827 
1043 1006 1275 2076 1506 1437 561 1233 517 1712 1431 756 1626 1367 1502 2302 1513 2181 1840 686 1645 2372 934 2186 164 2448 857 627 1080 1101 1500 1230 1700 844 973 2067 1510 2182 1074 780 1701 1316 1315 845 1147 1146 1089 1485 1483 803 186 1435 2053 877 807 1643 515 325 1745 847 0 813 1306 724 2221 2279 597 609 435 2424 1632 1644 630 1673 1628 1727 658 1405 2043 1538 207 1317 805 1848 702 841 324 2262 1321 1679 1023 1270 634 2399 1554 1340 1756 942 2363 1625 
1259 1802 1227 2353 1965 1555 541 1630 569 1626 1039 452 2240 1420 1051 2365 1064 2116 2027 315 1366 2431 493 2053 909 2765 388 981 1137 1430 2031 869 2291 843 324 1832 1995 2014 1546 1594 1666 1809 1157 1608 669 1095 999 1658 1599 1523 655 1798 2152 1690 681 2040 473 851 1400 151 813 0 1398 1537 2498 2521 1183 1236 1243 2539 1626 1440 1376 1361 1876 2342 221 1782 2058 2039 960 2011 701 1732 1238 307 601 2312 1884 1735 683 1560 945 2412 2223 1735 2074 590 2092 1679 
288 1979 2473 973 2799 157 1662 554 1645 465 791 1737 2840 2612 902 1010 901 883 630 1588 674 1079 955 917 1462 1390 1743 685 2312 2405 1000 743 2927 2026 1722 898 2797 938 2375 1643 2922 799 2458 1956 928 2334 420 2771 201 1992 1373 2742 773 1676 1916 800 1572 984 825 1271 1306 1398 0 1652 1113 1126 881 1893 1526 1159 2864 562 1816 737 512 2935 1204 2711 737 954 1491 2474 1927 603 2004 1673 1489 965 970 373 786 353 673 1094 2719 2646 741 847 1189 2879 
1365 331 1650 2131 1349 1735 1187 1320 1137 2114 2031 1403 1234 1647 2120 2527 2129 2517 2011 1374 2170 2595 1610 2569 644 2425 1525 1031 1436 1213 1353 1840 1329 1322 1667 2527 1320 2590 1031 80 1986 1265 1752 349 1808 1556 1601 1638 1774 466 887 1410 2272 180 1367 1635 1177 837 2295 1569 724 1537 1652 0 2261 2347 773 634 297 2595 1905 2127 375 2212 1777 1320 1379 1370 2332 1424 599 843 1355 2253 784 1528 984 2501 1171 1982 1657 1458 1068 2655 1083 1304 1814 1594 2825 1852 
1250 2526 3479 147 3583 960 2685 993 2658 1136 1819 2796 3489 3587 1915 630 1910 977 497 2654 1555 652 2069 1156 2347 283 2821 1625 3296 3295 951 1828 3586 3033 2819 1411 3563 1248 3200 2215 3917 996 3490 2609 2030 3344 1533 3700 921 2703 2342 3587 562 2195 2948 626 2601 1909 1678 2378 2221 2498 1113 2261 0 114 1645 2715 2270 512 3850 1404 2552 1617 623 3569 2293 3552 784 866 2359 3091 2955 1154 2854 2757 2479 662 1109 865 1898 966 1638 783 3320 3484 466 1961 1550 3846 
1286 2618 3529 216 3661 970 2729 1061 2704 1102 1800 2833 3578 3642 1893 534 1887 899 497 2689 1522 549 2080 1079 2410 323 2853 1673 3349 3361 1052 1822 3675 3081 2844 1347 3643 1173 3273 2303 3969 1083 3534 2695 2030 3393 1543 3762 928 2784 2393 3659 502 2287 2992 715 2644 1963 1638 2397 2279 2521 1126 2347 114 0 1711 2786 2346 400 3904 1371 2630 1582 659 3659 2320 3624 720 967 2423 3181 2999 1106 2923 2787 2528 570 1205 847 1905 1013 1684 682 3412 3556 537 1972 1469 3903 
593 1102 1872 1502 1971 973 1130 651 1092 1340 1324 1296 1967 1958 1425 1802 1432 1754 1306 1188 1415 1871 1029 1799 706 1861 1369 300 1676 1650 910 1151 2056 1439 1440 1755 1960 1817 1567 770 2295 720 1909 1077 1180 1743 859 2056 1015 1125 751 1951 1547 816 1389 1051 1064 344 1548 1140 597 1183 881 773 1645 1711 0 1079 661 1898 2224 1361 954 1463 1080 2060 967 1916 1580 943 714 1594 1390 1480 1212 1329 897 1769 737 1222 1007 730 347 1918 1839 1849 1178 974 2053 2211 
1617 710 1020 2575 905 2014 740 1725 696 2315 2027 943 1033 1013 2090 2868 2102 2775 2382 976 2253 2938 1498 2788 444 2915 1079 1208 808 601 1882 1825 1100 741 1249 2676 905 2787 488 714 1354 1744 1133 458 1718 935 1698 1027 2059 319 641 872 2615 808 831 2104 777 913 2350 1324 609 1236 1893 634 2715 2786 1079 0 460 2974 1273 2253 266 2280 2158 1135 1159 837 2625 1940 406 775 813 2452 153 1110 638 2832 1694 2261 1613 1806 1223 2975 991 770 2250 1525 2972 1227 
1240 573 1423 2132 1316 1630 895 1289 845 1973 1807 1109 1314 1450 1889 2464 1899 2407 1963 1077 1979 2533 1350 2441 347 2463 1230 858 1210 1061 1422 1610 1400 1060 1370 2366 1302 2451 932 364 1794 1290 1509 447 1556 1317 1408 1486 1673 466 591 1321 2208 467 1088 1653 881 610 2094 1282 435 1243 1526 297 2270 2346 661 460 0 2555 1715 1953 292 2016 1734 1410 1093 1284 2240 1481 303 958 1078 2113 611 1231 687 2431 1234 1879 1416 1390 886 2580 1203 1216 1808 1344 2665 1678 
1386 2887 3630 554 3869 1007 2820 1275 2801 969 1690 2896 3829 3763 1767 214 1759 612 592 2746 1370 186 2066 788 2569 669 2897 1799 3464 3524 1380 1756 3923 3182 2863 1090 3856 884 3463 2560 4078 1362 3617 2936 1975 3492 1539 3908 961 3009 2515 3843 387 2557 3075 1018 2730 2100 1460 2403 2424 2539 1159 2595 512 400 1898 2974 2555 0 4018 1229 2846 1421 821 3916 2356 3809 518 1293 2589 3438 3085 924 3101 2825 2638 272 1509 803 1879 1168 1799 313 3675 3742 807 1960 1150 4029 
2635 1901 401 3704 1007 3011 1205 2865 1219 3192 2664 1183 1507 267 2677 3873 2690 3684 3448 1335 2983 3943 2104 3645 1521 4080 1242 2232 555 711 3106 2487 1481 838 1370 3448 1075 3616 955 1984 82 2939 489 1653 2295 538 2536 356 3058 1492 1510 752 3635 2074 967 3274 1297 1941 3025 1776 1632 1626 2864 1905 3850 3904 2224 1273 1715 4018 0 3041 1530 2983 3247 1571 1733 779 3587 3153 1522 1608 952 3312 1121 1323 1380 3827 2920 3234 2286 2890 2225 3949 1652 806 3386 2187 3715 121 
801 2458 2640 1293 3145 604 1850 1113 1848 269 467 1861 3254 2811 538 1023 529 697 923 1708 151 1078 947 613 1809 1684 1825 1099 2512 2691 1546 577 3334 2213 1749 423 3153 575 2709 2130 3088 1356 2589 2398 796 2502 554 3011 607 2408 1653 3049 885 2177 2073 1293 1757 1354 287 1290 1644 1440 562 2127 1404 1371 1361 2253 1953 1229 3041 0 2228 214 939 3353 1307 3022 710 1490 1848 2911 2089 314 2340 1746 1735 965 1529 549 758 909 1067 1024 3155 2962 1170 856 719 3078 
1531 462 1287 2416 1030 1922 934 1577 886 2259 2054 1147 1028 1273 2129 2756 2140 2698 2254 1154 2246 2825 1563 2728 483 2737 1280 1141 1074 838 1682 1854 1111 995 1440 2645 1012 2737 669 454 1611 1564 1399 232 1777 1201 1678 1264 1965 179 731 1056 2501 545 1067 1931 950 875 2356 1442 630 1376 1816 375 2552 2630 954 266 292 2846 1530 2228 0 2280 2024 1126 1262 1017 2532 1746 432 691 1051 2398 411 1299 778 2724 1495 2171 1651 1682 1166 2873 932 949 2093 1572 2944 1477 
941 2543 2582 1507 3156 802 1814 1291 1817 480 328 1800 3298 2763 364 1211 354 857 1138 1649 66 1262 879 740 1838 1896 1749 1181 2469 2680 1736 496 3373 2169 1656 475 3169 679 2719 2223 3026 1537 2518 2463 694 2446 611 2978 811 2459 1658 3044 1091 2277 2021 1498 1723 1407 89 1210 1673 1361 737 2212 1617 1582 1463 2280 2016 1421 2983 214 2280 0 1149 3399 1257 3020 905 1684 1880 2969 2038 497 2354 1669 1725 1153 1706 764 705 1090 1144 1195 3212 2961 1382 804 732 3028 
628 2076 2870 477 3049 374 2070 456 2045 712 1280 2174 3009 2986 1386 755 1383 853 234 2032 1083 820 1458 979 1765 890 2198 1015 2692 2720 697 1252 3103 2422 2196 1115 3036 1044 2647 1745 3312 591 2875 2116 1440 2733 930 3114 349 2187 1736 3030 506 1748 2332 370 1984 1308 1227 1759 1628 1876 512 1777 623 659 1080 2158 1734 821 3247 939 2024 1149 0 3097 1670 2996 629 620 1782 2620 2339 797 2289 2134 1869 735 764 416 1296 358 1024 895 2859 2928 236 1351 1351 3249 
2648 1045 1615 3443 564 3034 1810 2641 1776 3383 3158 1975 102 1446 3224 3845 3235 3814 3331 2052 3368 3913 2634 3851 1565 3715 2108 2267 1485 1045 2637 2956 92 1639 2286 3771 496 3861 829 1357 1642 2576 1784 985 2854 1629 2802 1216 3075 947 1777 821 3590 1374 1791 2944 1869 1999 3472 2445 1727 2342 2935 1320 3569 3659 2060 1135 1410 3916 1571 3353 1126 3399 3097 0 2289 800 3640 2715 1520 478 1768 3523 1105 2160 1763 3817 2464 3283 2746 2772 2293 3970 259 791 3130 2660 4070 1457 
1048 1663 1333 2147 1957 1361 560 1411 569 1469 951 555 2186 1507 986 2189 999 1962 1830 402 1252 2257 382 1914 780 2558 540 760 1212 1446 1810 761 2246 911 527 1715 1980 1882 1526 1430 1781 1588 1286 1489 595 1195 824 1722 1406 1422 531 1814 1969 1522 767 1823 471 643 1307 191 658 221 1204 1379 2293 2320 967 1159 1093 2356 1733 1307 1262 1257 1670 2289 0 1794 1888 1818 832 1926 783 1584 1188 469 526 2139 1663 1554 553 1347 724 2246 2149 1741 1863 454 1989 1773 
2442 1262 832 3412 242 2838 1245 2563 1227 3113 2735 1354 730 649 2779 3699 2791 3586 3218 1468 3002 3769 2172 3586 1248 3747 1471 2027 742 351 2699 2537 712 968 1644 3446 305 3577 351 1441 854 2574 1003 1049 2389 871 2473 422 2884 905 1369 40 3446 1510 1136 2937 1327 1726 3081 1911 1405 1782 2711 1370 3552 3624 1916 837 1284 3809 779 3022 1017 3020 2996 800 1794 0 3447 2762 1223 858 1113 3247 709 1538 1295 3661 2512 3082 2322 2642 2037 3801 875 68 3087 2225 3736 671 
1007 2647 3193 718 3530 611 2382 1047 2369 454 1173 2438 3547 3340 1248 315 1240 229 441 2285 852 376 1575 386 2198 1043 2427 1419 3039 3142 1321 1247 3637 2749 2380 627 3525 471 3109 2311 3643 1217 3167 2654 1468 3054 1064 3506 567 2705 2108 3478 223 2327 2630 969 2290 1720 948 1917 2043 2058 737 2332 784 720 1580 2625 2240 518 3587 710 2532 905 629 3640 1888 3447 0 1240 2225 3169 2642 408 2739 2352 2220 259 1392 364 1385 878 1409 361 3413 3382 767 1471 782 3608 
862 1670 2811 758 2768 886 2071 438 2034 1301 1733 2226 2637 2885 1846 1301 1846 1468 806 2106 1619 1355 1729 1599 1632 1002 2285 1060 2611 2538 87 1646 2736 2382 2332 1725 2742 1664 2411 1370 3226 231 2853 1773 1785 2684 1286 2958 888 1881 1695 2799 1081 1341 2332 280 2001 1273 1769 1958 1538 2039 954 1424 866 967 943 1940 1481 1293 3153 1490 1746 1684 620 2715 1818 2762 1240 0 1631 2238 2333 1403 2088 2237 1840 1297 253 1022 1614 606 1094 1457 2462 2693 496 1635 1970 3132 
1219 842 1192 2215 1310 1616 593 1365 543 1908 1638 807 1419 1254 1708 2476 1719 2371 2001 775 1852 2546 1132 2382 51 2574 927 806 986 938 1584 1436 1493 793 1068 2270 1311 2380 883 667 1596 1419 1257 657 1348 1074 1293 1341 1661 601 305 1255 2224 770 799 1763 578 508 1952 1015 207 960 1491 599 2359 2423 714 406 303 2589 1522 1848 432 1880 1782 1520 832 1223 2225 1631 0 1114 791 2045 514 929 385 2438 1398 1861 1229 1425 819 2578 1349 1157 1892 1146 2567 1502 
2186 569 1530 2965 704 2567 1508 2163 1466 2927 2745 1700 399 1415 2819 3370 2830 3348 2854 1748 2935 3437 2246 3391 1163 3240 1836 1816 1355 941 2161 2545 499 1424 2011 3324 646 3405 680 878 1688 2097 1687 517 2463 1503 2364 1261 2607 514 1397 894 3115 897 1552 2466 1551 1562 3046 2096 1317 2011 2474 843 3091 3181 1594 775 958 3438 1608 2911 691 2969 2620 478 1926 858 3169 2238 1114 0 1531 3067 801 1875 1412 3343 1987 2815 2341 2299 1844 3497 245 813 2651 2260 3624 1512 
1715 1513 552 2808 1319 2078 269 1992 299 2240 1725 250 1670 725 1747 2933 1760 2733 2528 391 2035 3002 1158 2693 764 3200 358 1331 436 767 2300 1541 1703 145 532 2498 1359 2664 939 1431 1003 2106 535 1268 1358 414 1585 957 2124 1132 638 1123 2700 1535 23 2412 356 1065 2084 846 805 701 1927 1355 2955 2999 1390 813 1078 3085 952 2089 1051 2038 2339 1768 783 1113 2642 2333 791 1531 0 2360 735 427 492 2885 2123 2293 1336 1988 1316 3003 1703 1074 2499 1237 2770 990 
888 2581 2913 1061 3354 560 2112 1092 2105 140 781 2140 3426 3075 848 714 839 386 711 1986 447 767 1239 338 2011 1427 2113 1256 2775 2924 1471 882 3510 2478 2047 322 3357 338 2922 2246 3363 1313 2870 2549 1104 2774 782 3263 539 2577 1881 3275 606 2280 2346 1167 2019 1539 539 1585 1848 1732 603 2253 1154 1106 1480 2452 2113 924 3312 314 2398 497 797 3523 1584 3247 408 1403 2045 3067 2360 0 2551 2035 1977 656 1493 382 1048 889 1234 710 3312 3184 1005 1142 593 3343 
1733 832 880 2712 805 2130 714 1862 675 2415 2088 899 1002 863 2146 2990 2157 2882 2510 956 2332 3060 1545 2888 542 3058 1035 1320 670 450 2031 1887 1058 643 1211 2763 814 2884 371 864 1202 1889 1002 575 1766 804 1786 875 2176 420 697 741 2737 956 755 2246 766 1020 2421 1340 702 1238 2004 784 2854 2923 1212 153 611 3101 1121 2340 411 2354 2289 1105 1188 709 2739 2088 514 801 735 2551 0 1076 662 2952 1843 2375 1673 1934 1331 3092 993 643 2388 1581 3058 1074 
1508 1752 926 2611 1738 1830 369 1849 415 1926 1346 185 2059 1125 1354 2656 1367 2418 2298 155 1674 2723 798 2358 884 3018 81 1181 854 1189 2219 1177 2101 573 141 2139 1775 2320 1340 1594 1360 2006 850 1531 976 797 1289 1375 1875 1421 657 1550 2437 1696 405 2267 352 985 1707 458 841 307 1673 1528 2757 2787 1329 1110 1231 2825 1323 1746 1299 1669 2134 2160 469 1538 2352 2237 929 1875 427 2035 1076 0 544 2605 2059 2022 988 1803 1153 2709 2069 1497 2320 893 2399 1380 
1254 1218 1001 2332 1442 1633 237 1506 195 1848 1442 435 1660 1124 1492 2499 1504 2334 2067 390 1708 2569 887 2315 340 2718 546 854 825 956 1808 1243 1719 554 683 2157 1461 2299 1006 1050 1443 1614 1018 1011 1107 865 1195 1288 1680 921 146 1318 2257 1152 491 1924 197 576 1786 685 324 601 1489 984 2479 2528 897 638 687 2638 1380 1735 778 1725 1869 1763 526 1295 2220 1840 385 1412 492 1977 662 544 0 2454 1632 1862 1027 1514 845 2581 1629 1237 2018 932 2444 1390 
1219 2806 3435 644 3734 825 2624 1187 2608 713 1430 2686 3727 3577 1502 58 1494 346 506 2534 1103 118 1832 526 2413 882 2679 1634 3276 3363 1383 1506 3819 2989 2635 821 3726 622 3319 2473 3885 1319 3413 2832 1727 3296 1315 3735 778 2893 2337 3693 229 2480 2874 1017 2532 1937 1189 2173 2262 2312 965 2501 662 570 1769 2832 2431 272 3827 965 2724 1153 735 3817 2139 3661 259 1297 2438 3343 2885 656 2952 2605 2454 0 1484 593 1642 1045 1629 160 3584 3595 801 1727 904 3844 
806 1419 2587 992 2515 942 1867 416 1827 1376 1707 2033 2386 2652 1820 1495 1822 1615 979 1921 1644 1554 1621 1728 1403 1255 2102 905 2383 2294 187 1594 2484 2164 2162 1814 2489 1783 2162 1117 2994 180 2636 1520 1706 2462 1234 2716 956 1628 1486 2550 1259 1090 2124 494 1801 1078 1794 1816 1321 1884 970 1171 1109 1205 737 1694 1234 1509 2920 1529 1495 1706 764 2464 1663 2512 1392 253 1398 1987 2123 1493 1843 2059 1632 1484 0 1125 1529 621 945 1645 2212 2444 702 1536 2079 2895 
643 2301 2842 747 3166 249 2031 738 2015 300 954 2096 3189 2984 1049 640 1044 535 375 1946 700 709 1266 612 1833 1148 2094 1054 2684 2778 1092 979 3278 2396 2060 702 3161 659 2744 1965 3292 944 2822 2299 1191 2703 735 3145 208 2345 1747 3113 417 1987 2282 785 1939 1355 834 1600 1679 1735 373 1982 865 847 1222 2261 1879 803 3234 549 2171 764 416 3283 1554 3082 364 1022 1861 2815 2293 382 2375 2022 1862 593 1125 0 1082 547 1045 721 3059 3017 633 1159 955 3251 
752 1978 1885 1760 2468 938 1108 1175 1112 945 415 1104 2644 2061 478 1696 489 1433 1408 951 698 1761 191 1370 1182 2177 1067 709 1765 1979 1632 215 2713 1465 999 1162 2484 1334 2031 1686 2331 1403 1830 1856 179 1748 365 2273 977 1826 976 2344 1497 1759 1320 1537 1017 819 760 536 1023 683 786 1657 1898 1905 1007 1613 1416 1879 2286 758 1651 705 1296 2746 553 2322 1385 1614 1229 2341 1336 1048 1673 988 1027 1642 1529 1082 0 1041 662 1735 2577 2265 1518 99 1435 2326 
302 1769 2515 819 2701 329 1719 206 1692 764 1127 1832 2682 2629 1240 1075 1240 1076 576 1694 1027 1144 1180 1159 1407 1217 1864 659 2335 2362 648 1049 2774 2068 1875 1205 2690 1200 2294 1434 2955 447 2524 1787 1204 2379 693 2755 352 1849 1380 2675 819 1449 1982 496 1635 950 1178 1454 1270 1560 353 1458 966 1013 730 1806 1390 1168 2890 909 1682 1090 358 2772 1347 2642 878 606 1425 2299 1988 889 1934 1803 1514 1045 621 547 1041 0 672 1198 2541 2575 517 1079 1482 2891 
412 1399 1845 1491 2128 804 1046 696 1020 1095 982 1166 2195 1967 1080 1670 1088 1552 1223 1033 1102 1740 702 1567 789 1886 1208 47 1670 1734 1086 805 2277 1397 1240 1479 2128 1571 1702 1080 2288 864 1851 1331 837 1709 533 2109 850 1345 716 2068 1422 1140 1310 1115 963 311 1226 871 634 945 673 1068 1638 1684 347 1223 886 1799 2225 1067 1166 1144 1024 2293 724 2037 1409 1094 819 1844 1316 1234 1331 1153 845 1629 945 1045 662 672 0 1765 2089 1973 1184 636 1779 2231 
1358 2963 3554 784 3879 962 2744 1345 2730 791 1491 2797 3880 3701 1555 160 1545 341 667 2645 1152 133 1926 500 2552 975 2785 1773 3400 3499 1542 1585 3971 3110 2733 813 3872 594 3460 2629 4005 1480 3527 2985 1807 3415 1422 3866 916 3043 2467 3832 389 2638 2991 1176 2652 2075 1221 2269 2399 2412 1094 2655 783 682 1918 2975 2580 313 3949 1024 2873 1195 895 3970 2246 3801 361 1457 2578 3497 3003 710 3092 2709 2581 160 1645 721 1735 1198 1765 0 3739 3735 960 1823 841 3969 
2431 793 1633 3196 670 2811 1707 2402 1668 3172 2984 1889 215 1490 3056 3611 3067 3593 3093 1949 3178 3678 2478 3636 1397 3462 2025 2061 1477 1042 2384 2783 311 1585 2201 3569 602 3651 794 1114 1728 2329 1797 762 2696 1625 2608 1296 2851 753 1624 905 3356 1124 1725 2696 1756 1805 3288 2315 1554 2223 2719 1083 3320 3412 1839 991 1203 3675 1652 3155 932 3212 2859 259 2149 875 3413 2462 1349 245 1703 3312 993 2069 1629 3584 2212 3059 2577 2541 2089 3739 0 846 2885 2495 3869 1546 
2376 1200 826 3344 253 2773 1196 2495 1176 3050 2679 1312 715 655 2724 3633 2737 3522 3151 1422 2943 3703 2117 3523 1183 3679 1432 1962 719 307 2631 2480 707 931 1606 3385 307 3515 283 1375 883 2506 997 984 2336 854 2412 451 2818 839 1309 106 3380 1445 1097 2869 1276 1661 3023 1862 1340 1735 2646 1304 3484 3556 1849 770 1216 3742 806 2962 949 2961 2928 791 1741 68 3382 2693 1157 813 1074 3184 643 1497 1237 3595 2444 3017 2265 2575 1973 3735 846 0 3020 2169 3677 703 
814 2093 3018 324 3124 609 2229 527 2201 933 1516 2348 3047 3122 1622 804 1620 996 325 2211 1316 859 1674 1144 1881 702 2381 1167 2832 2828 583 1484 3143 2573 2390 1315 3105 1218 2736 1772 3454 558 3033 2160 1667 2883 1154 3233 585 2247 1880 3123 589 1761 2493 216 2147 1446 1458 1963 1756 2074 741 1814 466 537 1178 2250 1808 807 3386 1170 2093 1382 236 3130 1863 3087 767 496 1892 2651 2499 1005 2388 2320 2018 801 702 633 1518 517 1184 960 2885 3020 0 1568 1531 3381 
782 1911 1786 1821 2373 1002 1009 1199 1013 1035 509 1005 2557 1962 565 1780 576 1525 1475 852 798 1846 107 1466 1098 2237 971 683 1666 1882 1648 312 2625 1365 909 1261 2390 1431 1937 1626 2233 1419 1733 1781 214 1649 429 2174 1043 1746 886 2248 1576 1703 1221 1575 918 758 858 446 942 590 847 1594 1961 1972 974 1525 1344 1960 2187 856 1572 804 1351 2660 454 2225 1471 1635 1146 2260 1237 1142 1581 893 932 1727 1536 1159 99 1079 636 1823 2495 2169 1568 0 1535 2227 
1468 3155 3314 1498 3863 1154 2544 1683 2546 725 1053 2532 3971 3495 1057 950 1044 572 1209 2381 738 963 1612 397 2528 1786 2480 1808 3201 3401 2044 1228 4052 2900 2380 299 3871 313 3426 2823 3757 1899 3249 3109 1423 3179 1274 3708 1130 3124 2368 3762 1000 2862 2753 1716 2452 2072 692 1941 2363 2092 1189 2825 1550 1469 2053 2972 2665 1150 3715 719 2944 732 1351 4070 1989 3736 782 1970 2567 3624 2770 593 3058 2399 2444 904 2079 955 1435 1482 1779 841 3869 3677 1531 1535 0 3760 
2643 1830 454 3701 894 3024 1231 2857 1240 3220 2712 1229 1395 268 2730 3889 2743 3711 3454 1379 3025 3959 2148 3678 1505 4071 1299 2235 569 643 3081 2531 1366 865 1437 3488 962 3652 874 1931 185 2921 571 1587 2344 583 2564 251 3071 1426 1515 642 3648 2018 1007 3262 1324 1940 3073 1827 1625 1679 2879 1852 3846 3903 2211 1227 1678 4029 121 3078 1477 3028 3249 1457 1773 671 3608 3132 1502 1512 990 3343 1074 1380 1390 3844 2895 3251 2326 2891 2231 3969 1546 703 3381 2227 3760 0 
