0 2606 548 2009 1367 2233 1130 580 515 582 721 262 2790 2301 2489 2438 2948 2589 3007 783 258 1980 1987 2459 526 1184 661 814 492 881 3069 439 2432 838 843 2910 1129 698 1123 1099 3098 2516 1673 3350 2850 477 1487 2963 655 1988 3164 1417 1002 1437 2039 1298 1008 1176 592 1414 809 1258 2953 2358 1227 1534 1426 651 1034 1191 438 1044 838 1359 939 674 2349 2795 1315 821 1472 2579 2065 1155 772 629 1627 1867 1718 149 792 3020 765 965 95 2882 737 229 617 1248 
2606 0 3153 1013 3182 932 1479 3056 2096 2886 3328 2435 183 411 881 236 510 522 882 2273 2578 1244 1287 608 2091 2700 1987 3367 2958 2436 553 2797 707 1768 2031 604 1803 2291 3317 3187 664 216 936 1093 531 2148 2039 505 2546 673 940 1227 3354 1296 888 2637 1620 1445 2907 1253 1976 2881 394 464 2070 1433 3389 2826 2695 3424 2247 1801 3362 1347 2440 3046 488 259 2230 2279 2318 457 800 1456 3321 2543 1118 1282 906 2511 3325 830 3370 1716 2693 742 3188 2621 3074 2661 
548 3153 0 2514 1413 2738 1678 369 1063 664 189 739 3337 2840 2996 2987 3496 3134 3547 1203 661 2496 2500 3003 1073 1416 1186 343 385 1225 3609 527 2952 1386 1291 3456 1627 1127 1020 1077 3646 3059 2221 3890 3397 1022 1908 3500 973 2536 3683 1964 810 1977 2579 1559 1545 1724 570 1946 1286 1422 3495 2893 1656 2018 1382 792 1263 1039 935 1555 497 1882 1277 525 2896 3344 1699 1233 1829 3112 2588 1704 409 953 2150 2383 2260 664 359 3562 241 1485 460 3425 450 571 403 1498 
2009 1013 2514 0 2976 223 1078 2325 1572 2448 2702 1777 1160 604 481 1028 1521 1389 1843 1990 2076 1621 1667 1375 1581 2538 1348 2652 2235 2190 1230 2063 464 1271 1244 1591 1660 1969 2966 2870 1677 811 792 2096 1515 1642 2096 1106 2199 943 1179 1046 2932 1225 1307 2532 1039 1105 2137 652 1230 2710 1179 559 1999 519 3142 2432 2475 3063 1582 1598 2840 666 2218 2275 1183 1272 2190 2014 2335 706 221 1077 2780 2186 420 1584 583 1962 2600 1805 2752 1045 2076 1692 2431 1944 2333 2531 
1367 3182 1413 2976 0 3180 1898 1742 1499 805 1386 1598 3344 3023 3411 2958 3335 2934 3208 985 1130 2083 2060 2781 1478 483 1791 1732 1706 786 3726 1752 3295 1728 2096 3235 1387 1012 465 345 3447 3183 2335 3534 3202 1427 1223 3649 816 2512 3976 2017 699 1900 2350 578 1971 1882 1875 2325 2021 305 3575 3120 1118 2624 228 716 503 530 1701 1413 1029 2329 763 1892 2763 3280 984 962 969 3340 2941 1903 1090 837 2556 1994 2486 1282 1763 3251 1368 2031 1394 3133 1857 1592 1782 536 
2233 932 2738 223 3180 0 1281 2545 1792 2668 2926 2001 1054 553 257 997 1441 1369 1799 2195 2297 1720 1767 1380 1800 2735 1572 2872 2456 2394 1058 2283 277 1487 1464 1531 1845 2178 3182 3084 1591 717 935 2025 1456 1862 2261 933 2412 1016 962 1217 3152 1387 1383 2723 1258 1301 2356 863 1453 2909 1029 468 2180 735 3351 2649 2678 3279 1806 1789 3064 886 2420 2493 1191 1187 2370 2218 2509 552 274 1277 3004 2399 631 1696 735 2185 2820 1754 2976 1268 2300 1651 2650 2168 2553 2725 
1130 1479 1678 1078 1898 1281 0 1619 617 1436 1850 984 1662 1202 1516 1308 1823 1478 1921 914 1103 1053 1080 1360 611 1460 567 1914 1520 1112 1963 1374 1412 294 773 1795 618 899 1920 1812 1976 1405 543 2257 1732 668 1112 1864 1141 862 2122 313 1918 424 978 1461 266 81 1504 433 676 1631 1837 1278 958 809 2070 1397 1397 2022 814 536 1890 467 1140 1638 1231 1665 1150 936 1311 1503 1049 31 1846 1131 659 954 622 1031 1878 1924 1891 424 1219 1786 1763 1171 1644 1457 
580 3056 369 2325 1742 2545 1619 0 1042 952 516 636 3239 2713 2801 2910 3438 3098 3534 1354 800 2544 2554 2977 1062 1678 1070 327 99 1426 3476 263 2778 1328 1081 3415 1706 1271 1376 1417 3593 2939 2144 3873 3351 1025 2064 3361 1181 2479 3504 1925 1175 1973 2573 1810 1437 1679 222 1812 1103 1712 3375 2752 1804 1811 1732 1068 1523 1402 811 1617 866 1732 1483 156 2851 3265 1881 1391 2030 2963 2425 1648 778 1157 1995 2431 2150 729 275 3541 568 1343 489 3403 156 451 41 1753 
515 2096 1063 1572 1499 1792 617 1042 0 876 1232 420 2279 1805 2044 1924 2433 2075 2499 595 506 1507 1520 1947 30 1156 293 1316 944 784 2571 822 1968 330 620 2396 715 528 1407 1328 2583 2015 1161 2841 2336 73 1173 2467 683 1473 2695 902 1360 932 1534 1220 535 661 970 941 532 1292 2449 1869 927 1149 1627 870 1041 1498 329 613 1288 906 834 1090 1834 2281 1074 635 1249 2093 1598 641 1238 663 1167 1395 1220 416 1286 2510 1274 547 606 2372 1194 593 1072 1189 
582 2886 664 2448 805 2668 1436 952 876 0 708 834 3064 2638 2917 2689 3152 2766 3132 669 389 2023 2017 2621 867 753 1133 1007 907 614 3393 946 2834 1184 1388 3087 1158 620 550 518 3289 2833 1960 3475 3037 806 1317 3297 385 2225 3555 1658 484 1611 2180 897 1409 1453 1071 1810 1332 763 3259 2714 1084 2019 845 129 601 631 975 1119 515 1782 657 1097 2549 3039 1085 684 1195 2939 2465 1452 511 376 2039 1913 2058 533 1023 3158 715 1419 594 3026 1080 796 993 836 
721 3328 189 2702 1386 2926 1850 516 1232 708 0 925 3511 3021 3184 3157 3661 3295 3700 1311 796 2633 2634 3160 1241 1454 1369 355 554 1307 3789 708 3138 1559 1481 3617 1759 1242 959 1041 3809 3237 2393 4043 3559 1186 2004 3681 1059 2704 3870 2130 730 2133 2732 1602 1726 1892 732 2129 1475 1436 3674 3076 1757 2207 1325 837 1305 959 1122 1693 388 2067 1355 663 3059 3514 1782 1337 1901 3295 2773 1874 307 1042 2336 2520 2439 823 400 3716 53 1670 638 3580 554 760 542 1539 
262 2435 739 1777 1598 2001 984 636 420 834 925 0 2619 2108 2259 2281 2805 2462 2898 883 468 1926 1939 2340 443 1363 450 933 536 1025 2876 403 2212 692 584 2779 1124 800 1381 1348 2960 2330 1513 3237 2716 421 1547 2765 833 1845 2944 1289 1265 1341 1939 1462 816 1042 550 1210 558 1459 2767 2157 1291 1290 1673 889 1221 1452 196 1025 1092 1143 1083 671 2215 2637 1410 925 1578 2374 1848 1012 1021 807 1411 1814 1533 316 895 2905 974 746 305 2766 783 187 662 1418 
2790 183 3337 1160 3344 1054 1662 3239 2279 3064 3511 2619 0 572 965 385 410 564 828 2446 2759 1366 1407 683 2273 2861 2171 3551 3141 2605 431 2981 805 1952 2212 540 1971 2466 3489 3357 544 349 1118 988 478 2330 2185 421 2721 843 881 1406 3530 1467 1023 2793 1804 1626 3090 1435 2158 3041 265 601 2228 1601 3553 3002 2861 3597 2431 1973 3542 1528 2608 3229 606 169 2384 2451 2465 529 954 1639 3503 2718 1294 1415 1090 2694 3509 766 3553 1899 2877 705 3371 2805 3258 2819 
2301 411 2840 604 3023 553 1202 2713 1805 2638 3021 2108 572 0 585 444 916 815 1249 2070 2303 1282 1329 835 1803 2551 1658 3031 2617 2250 768 2452 400 1475 1662 989 1637 2073 3106 2986 1074 231 691 1492 913 1863 1964 662 2325 581 955 1009 3117 1129 920 2509 1295 1186 2552 901 1617 2732 662 121 1942 1029 3217 2593 2524 3210 1915 1612 3090 983 2263 2691 652 669 2120 2082 2233 318 388 1185 3042 2318 733 1285 584 2220 2986 1207 3066 1370 2383 1100 2838 2291 2729 2524 
2489 881 2996 481 3411 257 1516 2801 2044 2917 3184 2259 965 585 0 1005 1372 1373 1764 2429 2549 1846 1893 1411 2051 2959 1828 3129 2713 2625 875 2540 185 1734 1721 1483 2058 2415 3427 3325 1509 668 1121 1953 1411 2112 2451 752 2653 1134 711 1422 3402 1581 1492 2939 1508 1529 2611 1108 1711 3135 879 469 2388 991 3586 2895 2908 3525 2063 2009 3319 1138 2648 2747 1234 1117 2575 2450 2707 436 471 1509 3259 2641 877 1836 936 2439 3076 1711 3233 1524 2557 1623 2905 2426 2809 2945 
2438 236 2987 1028 2958 997 1308 2910 1924 2689 3157 2281 385 444 1005 0 544 372 814 2064 2394 1008 1052 411 1916 2475 1840 3215 2811 2221 788 2656 821 1601 1918 575 1586 2086 3106 2973 706 362 768 1085 499 1972 1806 740 2341 464 1166 1035 3152 1085 652 2408 1474 1265 2772 1137 1853 2656 627 543 1843 1380 3167 2624 2475 3214 2099 1591 3173 1240 2222 2910 260 356 2000 2068 2085 621 807 1283 3136 2339 1040 1046 784 2336 3176 779 3198 1585 2528 663 3047 2468 2931 2434 
2948 510 3496 1521 3335 1441 1823 3438 2433 3152 3661 2805 410 916 1372 544 0 400 434 2504 2883 1267 1300 554 2422 2852 2370 3737 3339 2640 743 3186 1206 2117 2460 159 2012 2537 3532 3390 162 724 1295 584 143 2475 2130 784 2789 961 1237 1531 3600 1543 990 2765 2007 1772 3307 1681 2394 3029 604 975 2220 1915 3553 3077 2874 3641 2627 2035 3650 1785 2634 3444 604 255 2353 2502 2406 936 1304 1796 3620 2790 1581 1344 1328 2838 3701 366 3700 2124 3040 341 3578 2993 3461 2800 
2589 522 3134 1389 2934 1369 1478 3098 2075 2766 3295 2462 564 815 1373 372 400 0 474 2111 2509 871 905 153 2062 2451 2039 3388 2998 2244 991 2852 1189 1770 2165 322 1618 2147 3135 2991 524 712 979 789 272 2112 1730 984 2398 630 1441 1174 3207 1164 592 2365 1685 1420 2979 1402 2089 2628 827 914 1820 1699 3153 2686 2474 3244 2291 1646 3268 1511 2236 3114 253 419 1952 2108 2007 969 1169 1450 3240 2400 1347 944 1060 2472 3355 458 3331 1815 2682 324 3242 2648 3123 2399 
3007 882 3547 1843 3208 1799 1921 3534 2499 3132 3700 2898 828 1249 1764 814 434 474 0 2466 2906 1132 1151 563 2484 2736 2487 3815 3434 2575 1176 3294 1588 2207 2629 288 1973 2512 3457 3306 389 1097 1444 343 353 2530 1985 1218 2754 1095 1671 1610 3552 1570 968 2631 2141 1856 3426 1873 2551 2905 1038 1331 2122 2173 3434 3042 2780 3565 2735 2019 3643 1984 2559 3559 724 660 2227 2457 2249 1334 1622 1891 3622 2759 1821 1232 1534 2883 3785 73 3733 2276 3102 152 3681 3083 3561 2673 
783 2273 1203 1990 985 2195 914 1354 595 669 1311 883 2446 2070 2429 2064 2504 2111 2466 0 557 1353 1347 1964 567 576 882 1532 1272 204 2801 1216 2319 754 1215 2430 494 85 1043 917 2636 2246 1379 2807 2383 535 711 2714 287 1602 3014 1062 1096 979 1521 625 995 902 1371 1339 1123 732 2658 2159 454 1652 1157 577 487 1151 890 473 1184 1346 245 1457 1905 2406 533 42 696 2382 1960 919 1173 293 1570 1244 1513 635 1526 2493 1333 1074 866 2363 1508 985 1393 598 
258 2578 661 2076 1130 2297 1103 800 506 389 796 468 2759 2303 2549 2394 2883 2509 2906 557 0 1838 1840 2372 503 926 746 979 723 630 3067 694 2475 830 1000 2832 967 476 938 889 3028 2508 1643 3250 2776 441 1269 2966 398 1934 3201 1359 861 1345 1939 1041 1041 1133 843 1448 943 1003 2940 2372 1011 1634 1210 424 776 1020 589 898 786 1411 688 912 2279 2749 1080 592 1230 2596 2105 1124 743 372 1674 1725 1719 152 970 2925 827 1038 322 2789 953 486 840 990 
1980 1244 2496 1621 2083 1720 1053 2544 1507 2023 2633 1926 1366 1282 1846 1008 1267 871 1132 1353 1838 0 46 719 1485 1606 1586 2793 2446 1447 1791 2329 1671 1280 1827 1156 874 1408 2325 2174 1368 1334 857 1467 1129 1518 866 1748 1639 712 2167 775 2426 628 366 1508 1318 972 2475 1250 1728 1778 1626 1403 989 1667 2307 1925 1648 2433 1797 941 2537 1351 1428 2597 760 1261 1099 1340 1139 1570 1450 1023 2524 1647 1346 113 1060 1842 2772 1170 2661 1475 2076 1050 2698 2099 2576 1546 
1987 1287 2500 1667 2060 1767 1080 2554 1520 2017 2634 1939 1407 1329 1893 1052 1300 905 1151 1347 1840 46 0 754 1497 1585 1607 2800 2457 1435 1833 2342 1718 1301 1853 1185 874 1404 2309 2157 1397 1380 900 1483 1160 1529 839 1792 1632 759 2212 808 2414 656 412 1483 1346 999 2489 1288 1753 1755 1667 1450 973 1707 2284 1917 1630 2417 1814 945 2531 1388 1415 2610 802 1299 1076 1332 1110 1616 1496 1050 2520 1640 1388 127 1104 1848 2780 1191 2662 1504 2083 1074 2709 2111 2586 1523 
2459 608 3003 1375 2781 1380 1360 2977 1947 2621 3160 2340 683 835 1411 411 554 153 563 1964 2372 719 754 0 1933 2299 1925 3263 2877 2094 1114 2734 1226 1648 2067 465 1470 2002 2985 2840 673 772 883 897 422 1982 1577 1096 2251 536 1545 1051 3060 1027 443 2211 1578 1297 2864 1318 1987 2475 948 944 1667 1642 3000 2540 2323 3094 2174 1502 3126 1430 2085 2998 192 554 1799 1960 1854 1031 1158 1330 3099 2254 1287 791 989 2339 3231 564 3196 1713 2552 426 3122 2526 3002 2245 
526 2091 1073 1581 1478 1800 611 1062 30 867 1241 443 2273 1803 2051 1916 2422 2062 2484 567 503 1485 1497 1933 0 1130 318 1331 963 757 2569 845 1972 328 648 2383 687 501 1393 1312 2572 2012 1154 2826 2323 61 1143 2466 662 1463 2698 891 1351 915 1518 1192 542 651 994 946 558 1268 2446 1870 897 1164 1609 857 1016 1486 358 586 1287 914 807 1112 1822 2273 1044 607 1219 2094 1603 634 1239 643 1173 1372 1218 420 1303 2495 1281 562 619 2357 1215 614 1092 1162 
1184 2700 1416 2538 483 2735 1460 1678 1156 753 1454 1363 2861 2551 2959 2475 2852 2451 2736 576 926 1606 1585 2299 1130 0 1449 1760 1617 374 3246 1615 2836 1329 1776 2755 914 630 765 605 2966 2705 1867 3065 2720 1090 756 3170 532 2031 3506 1550 934 1424 1866 152 1567 1434 1759 1893 1688 181 3093 2651 634 2224 701 624 154 868 1418 950 1179 1910 330 1811 2279 2796 509 542 530 2869 2488 1461 1210 558 2120 1515 2027 1060 1774 2776 1454 1650 1240 2656 1817 1412 1720 88 
661 1987 1186 1348 1791 1572 567 1070 293 1133 1369 450 2171 1658 1828 1840 2370 2039 2487 882 746 1586 1607 1925 318 1449 0 1379 971 1075 2426 816 1771 306 336 2352 902 819 1676 1607 2526 1879 1074 2822 2286 364 1397 2315 974 1414 2503 880 1607 967 1545 1507 367 638 940 760 241 1586 2316 1707 1168 889 1912 1143 1335 1762 259 795 1492 698 1124 1076 1789 2194 1330 921 1506 1926 1405 598 1431 954 967 1479 1084 619 1338 2489 1417 303 733 2350 1208 634 1091 1479 
814 3367 343 2652 1732 2872 1914 327 1316 1007 355 933 3551 3031 3129 3215 3737 3388 3815 1532 979 2793 2800 3263 1331 1760 1379 0 417 1565 3796 589 3104 1620 1408 3708 1934 1454 1314 1390 3891 3256 2447 4157 3645 1287 2242 3683 1314 2776 3831 2214 1086 2247 2850 1903 1747 1969 535 2130 1428 1760 3692 3073 1986 2139 1680 1135 1607 1315 1119 1855 743 2053 1618 417 3144 3571 2037 1564 2171 3286 2749 1942 663 1292 2317 2680 2463 951 64 3826 389 1661 718 3688 263 746 325 1842 
492 2958 385 2235 1706 2456 1520 99 944 907 554 536 3141 2617 2713 2811 3339 2998 3434 1272 723 2446 2457 2877 963 1617 971 417 0 1352 3380 173 2686 1229 991 3315 1612 1188 1358 1388 3494 2843 2045 3774 3251 928 1979 3266 1111 2379 3414 1825 1168 1874 2474 1746 1338 1579 186 1716 1010 1660 3278 2657 1719 1723 1709 1018 1463 1393 712 1523 877 1637 1410 193 2751 3166 1801 1309 1953 2869 2332 1548 790 1086 1901 2334 2052 641 369 3441 608 1247 405 3303 251 351 129 1691 
881 2436 1225 2190 786 2394 1112 1426 784 614 1307 1025 2605 2250 2625 2221 2640 2244 2575 204 630 1447 1435 2094 757 374 1075 1565 1352 0 2971 1321 2511 959 1404 2558 634 255 891 752 2767 2419 1559 2913 2516 719 702 2887 251 1763 3199 1241 978 1141 1652 442 1199 1096 1472 1540 1315 527 2824 2343 475 1856 967 498 284 1000 1058 639 1121 1550 58 1543 2048 2557 475 176 606 2565 2155 1116 1125 273 1771 1343 1703 742 1568 2607 1320 1277 953 2480 1575 1100 1467 406 
3069 553 3609 1230 3726 1058 1963 3476 2571 3393 3789 2876 431 768 875 788 743 991 1176 2801 3067 1791 1833 1114 2569 3246 2426 3796 3380 2971 0 3213 781 2241 2413 899 2342 2812 3844 3718 815 559 1433 1242 856 2628 2593 125 3067 1214 498 1742 3868 1830 1440 3186 2063 1940 3309 1667 2375 3427 166 724 2618 1733 3930 3341 3235 3950 2682 2332 3854 1743 2978 3448 1030 575 2781 2810 2871 527 1070 1944 3808 3062 1483 1834 1352 2987 3750 1105 3834 2135 3151 1079 3598 3058 3490 3209 
439 2797 527 2063 1752 2283 1374 263 822 946 708 403 2981 2452 2540 2656 3186 2852 3294 1216 694 2329 2342 2734 845 1615 816 589 173 1321 3213 0 2515 1087 819 3167 1515 1131 1438 1451 3343 2678 1891 3631 3102 817 1911 3099 1091 2229 3242 1683 1266 1742 2339 1735 1181 1437 155 1551 840 1676 3113 2490 1652 1550 1776 1044 1463 1483 560 1420 1000 1470 1379 268 2603 3009 1750 1256 1909 2700 2162 1403 915 1066 1732 2217 1890 582 538 3298 762 1083 374 3160 391 238 277 1683 
2432 707 2952 464 3295 277 1412 2778 1968 2834 3138 2212 805 400 185 821 1206 1189 1588 2319 2475 1671 1718 1226 1972 2836 1771 3104 2686 2511 781 2515 0 1649 1698 1310 1927 2310 3332 3224 1348 491 978 1790 1238 2034 2301 655 2553 960 731 1288 3318 1438 1313 2809 1434 1417 2595 1027 1677 3013 755 283 2251 983 3476 2804 2792 3432 2016 1885 3253 1073 2531 2734 1049 950 2436 2337 2562 283 369 1402 3197 2543 805 1665 808 2373 3053 1537 3186 1468 2505 1446 2888 2385 2788 2817 
838 1768 1386 1271 1728 1487 294 1328 330 1184 1559 692 1952 1475 1734 1601 2117 1770 2207 754 830 1280 1301 1648 328 1329 306 1620 1229 959 2241 1087 1649 0 592 2088 635 716 1695 1600 2270 1685 835 2545 2025 389 1144 2138 931 1156 2372 597 1669 665 1253 1359 242 350 1222 625 486 1486 2119 1542 937 897 1881 1161 1240 1792 531 529 1616 608 998 1353 1524 1958 1116 786 1289 1765 1280 321 1567 917 857 1173 890 746 1585 2213 1601 331 926 2074 1474 878 1354 1342 
843 2031 1291 1244 2096 1464 773 1081 620 1388 1481 584 2212 1662 1721 1918 2460 2165 2629 1215 1000 1827 1853 2067 648 1776 336 1408 991 1404 2413 819 1698 592 0 2463 1221 1149 1938 1886 2621 1893 1185 2954 2393 686 1724 2295 1284 1535 2423 1071 1841 1198 1729 1840 511 854 898 781 105 1906 2323 1689 1500 732 2202 1419 1656 2017 413 1114 1675 684 1455 1037 1911 2260 1666 1255 1842 1893 1350 804 1604 1262 931 1726 1133 854 1356 2622 1533 359 887 2486 1190 722 1089 1810 
2910 604 3456 1591 3235 1531 1795 3415 2396 3087 3617 2779 540 989 1483 575 159 322 288 2430 2832 1156 1185 465 2383 2755 2352 3708 3315 2558 899 3167 1310 2088 2463 0 1936 2467 3449 3304 212 821 1283 509 76 2434 2022 934 2717 938 1391 1494 3525 1486 908 2662 1994 1738 3292 1691 2392 2930 755 1062 2126 1955 3456 3006 2784 3558 2606 1967 3590 1798 2549 3428 563 372 2251 2426 2296 1051 1371 1767 3562 2720 1612 1241 1341 2794 3673 228 3654 2119 3003 181 3558 2966 3439 2699 
1129 1803 1627 1660 1387 1845 618 1706 715 1158 1759 1124 1971 1637 2058 1586 2012 1618 1973 494 967 874 874 1470 687 914 902 1934 1612 634 2342 1515 1927 635 1221 1936 0 538 1523 1387 2142 1795 954 2316 1890 702 511 2262 782 1130 2592 639 1589 512 1027 881 816 567 1669 1040 1116 1094 2193 1737 342 1427 1587 1071 893 1632 1041 107 1670 1084 636 1778 1415 1923 534 490 693 1955 1588 607 1653 786 1252 762 1121 985 1918 2000 1787 951 1224 1868 1862 1278 1741 890 
698 2291 1127 1969 1012 2178 899 1271 528 620 1242 800 2466 2073 2415 2086 2537 2147 2512 85 476 1408 1404 2002 501 630 819 1454 1188 255 2812 1131 2310 716 1149 2467 538 0 1032 915 2671 2255 1384 2854 2419 465 793 2723 255 1622 3012 1070 1066 1001 1560 692 958 895 1286 1317 1059 775 2672 2160 534 1613 1173 540 526 1137 812 501 1132 1317 306 1372 1935 2432 618 125 781 2384 1948 908 1116 254 1549 1297 1509 550 1447 2537 1265 1027 783 2405 1425 899 1310 661 
1123 3317 1020 2966 465 3182 1920 1376 1407 550 959 1381 3489 3106 3427 3106 3532 3135 3457 1043 938 2325 2309 2985 1393 765 1676 1314 1358 891 3844 1438 3332 1695 1938 3449 1523 1032 0 160 3658 3288 2417 3792 3407 1334 1507 3755 781 2645 4042 2102 238 2022 2543 907 1929 1923 1540 2319 1882 647 3702 3191 1335 2556 366 536 682 109 1525 1516 581 2301 900 1531 2939 3446 1255 1038 1296 3415 2966 1932 653 789 2551 2224 2538 1084 1352 3491 934 1954 1120 3366 1471 1325 1414 848 
1099 3187 1077 2870 345 3084 1812 1417 1328 518 1041 1348 3357 2986 3325 2973 3390 2991 3306 917 889 2174 2157 2840 1312 605 1607 1390 1388 752 3718 1451 3224 1600 1886 3304 1387 915 160 0 3513 3164 2296 3641 3263 1254 1349 3632 672 2514 3928 1979 364 1890 2400 747 1839 1810 1564 2220 1823 489 3573 3075 1184 2477 327 467 527 263 1477 1385 684 2209 756 1570 2800 3309 1098 908 1136 3298 2861 1822 745 684 2453 2075 2425 1040 1423 3342 1022 1874 1110 3218 1524 1314 1456 688 
3098 664 3646 1677 3447 1591 1976 3593 2583 3289 3809 2960 544 1074 1509 706 162 524 389 2636 3028 1368 1397 673 2572 2966 2526 3891 3494 2767 815 3343 1348 2270 2621 212 2142 2671 3658 3513 0 875 1452 446 252 2624 2234 876 2922 1114 1313 1681 3731 1684 1115 2874 2165 1923 3464 1842 2554 3141 696 1127 2337 2077 3668 3210 2994 3767 2783 2170 3790 1946 2758 3601 749 406 2463 2632 2508 1073 1462 1949 3761 2924 1744 1452 1490 2985 3855 315 3847 2283 3190 355 3734 3147 3616 2911 
2516 216 3059 811 3183 717 1405 2939 2015 2833 3237 2330 349 231 668 362 724 712 1097 2246 2508 1334 1380 772 2012 2705 1879 3256 2843 2419 559 2678 491 1685 1893 821 1795 2255 3288 3164 875 0 873 1308 747 2071 2081 468 2509 683 835 1185 3309 1283 969 2653 1514 1381 2780 1127 1846 2886 436 253 2084 1258 3382 2782 2688 3393 2138 1780 3295 1212 2429 2920 617 470 2254 2256 2356 260 606 1385 3250 2504 965 1356 798 2431 3212 1047 3282 1596 2600 955 3066 2514 2956 2672 
1673 936 2221 792 2335 935 543 2144 1161 1960 2393 1513 1118 691 1121 768 1295 979 1444 1379 1643 857 900 883 1154 1867 1074 2447 2045 1559 1433 1891 978 835 1185 1283 954 1384 2417 2296 1452 873 0 1768 1215 1211 1330 1339 1637 349 1640 318 2435 460 608 1833 712 510 2012 444 1110 2046 1299 784 1273 827 2527 1909 1834 2522 1332 922 2428 556 1574 2149 726 1124 1457 1391 1586 1005 663 520 2386 1631 490 804 209 1575 2409 1437 2435 836 1761 1300 2283 1701 2166 1844 
3350 1093 3890 2096 3534 2025 2257 3873 2841 3475 4043 3237 988 1492 1953 1085 584 789 343 2807 3250 1467 1483 897 2826 3065 2822 4157 3774 2913 1242 3631 1790 2545 2954 509 2316 2854 3792 3641 446 1308 1768 0 585 2872 2311 1314 3095 1419 1736 1948 3891 1913 1311 2956 2472 2195 3762 2188 2878 3231 1136 1557 2456 2464 3760 3384 3114 3901 3072 2363 3986 2297 2896 3896 1042 840 2555 2798 2569 1517 1877 2228 3966 3101 2119 1570 1842 3226 4126 333 4077 2604 3444 471 4020 3423 3899 2999 
2850 531 3397 1515 3202 1456 1732 3351 2336 3037 3559 2716 478 913 1411 499 143 272 353 2383 2776 1129 1160 422 2323 2720 2286 3645 3251 2516 856 3102 1238 2025 2393 76 1890 2419 3407 3263 252 747 1215 585 0 2375 1993 882 2669 872 1342 1433 3479 1432 864 2631 1927 1677 3226 1619 2322 2896 706 987 2089 1880 3421 2958 2745 3516 2541 1918 3538 1725 2507 3362 501 308 2219 2380 2268 981 1295 1704 3509 2672 1537 1209 1269 2736 3611 299 3596 2050 2942 227 3493 2903 3374 2666 
477 2148 1022 1642 1427 1862 668 1025 73 806 1186 421 2330 1863 2112 1972 2475 2112 2530 535 441 1518 1529 1982 61 1090 364 1287 928 719 2628 817 2034 389 686 2434 702 465 1334 1254 2624 2071 1211 2872 2375 0 1141 2526 610 1517 2760 943 1290 960 1563 1157 604 706 968 1007 600 1222 2505 1931 890 1223 1553 797 971 1426 364 604 1227 976 771 1083 1874 2328 1029 577 1202 2154 1664 691 1179 590 1235 1406 1278 364 1260 2542 1226 620 571 2405 1179 582 1057 1125 
1487 2039 1908 2096 1223 2261 1112 2064 1173 1317 2004 1547 2185 1964 2451 1806 2130 1730 1985 711 1269 866 839 1577 1143 756 1397 2242 1979 702 2593 1911 2301 1144 1724 2022 511 793 1507 1349 2234 2081 1330 2311 1993 1141 0 2532 944 1398 2910 1049 1643 874 1165 645 1326 1051 2067 1514 1620 920 2433 2076 260 1919 1449 1198 825 1613 1502 615 1820 1572 662 2160 1585 2101 251 678 279 2278 1992 1097 1827 962 1709 786 1525 1338 2238 2028 2020 1463 1574 1913 2219 1675 2102 688 
2963 505 3500 1106 3649 933 1864 3361 2467 3297 3681 2765 421 662 752 740 784 984 1218 2714 2966 1748 1792 1096 2466 3170 2315 3683 3266 2887 125 3099 655 2138 2295 934 2262 2723 3755 3632 876 468 1339 1314 882 2526 2532 0 2977 1141 461 1652 3775 1750 1391 3115 1955 1844 3192 1555 2259 3351 180 609 2547 1611 3850 3248 3155 3861 2571 2248 3753 1629 2896 3331 993 583 2714 2724 2809 405 949 1846 3705 2971 1367 1785 1247 2883 3636 1150 3727 2022 3043 1109 3482 2946 3375 3136 
655 2546 973 2199 816 2412 1141 1181 683 385 1059 833 2721 2325 2653 2341 2789 2398 2754 287 398 1639 1632 2251 662 532 974 1314 1111 251 3067 1091 2553 931 1284 2717 782 255 781 672 2922 2509 1637 3095 2669 610 944 2977 0 1878 3261 1325 812 1256 1808 643 1172 1142 1240 1548 1206 631 2927 2410 703 1818 950 289 388 884 902 754 900 1539 305 1303 2188 2686 725 299 857 2634 2189 1152 895 26 1781 1530 1757 528 1317 2781 1075 1219 718 2650 1328 881 1222 593 
1988 673 2536 943 2512 1016 862 2479 1473 2225 2704 1845 843 581 1134 464 961 630 1095 1602 1934 712 759 536 1463 2031 1414 2776 2379 1763 1214 2229 960 1156 1535 938 1130 1622 2645 2514 1114 683 349 1419 872 1517 1398 1141 1878 0 1512 575 2688 623 367 1974 1056 812 2354 782 1458 2212 1063 700 1405 1123 2717 2160 2023 2753 1669 1129 2710 893 1767 2490 377 816 1572 1607 1673 886 752 835 2675 1875 768 705 462 1880 2740 1087 2743 1184 2079 950 2621 2032 2502 1995 
3164 940 3683 1179 3976 962 2122 3504 2695 3555 3870 2944 881 955 711 1166 1237 1441 1671 3014 3201 2167 2212 1545 2698 3506 2503 3831 3414 3199 498 3242 731 2372 2423 1391 2592 3012 4042 3928 1313 835 1640 1736 1342 2760 2910 461 3261 1512 0 1959 4038 2084 1803 3464 2163 2118 3317 1755 2406 3686 636 856 2897 1697 4167 3519 3475 4144 2747 2563 3982 1805 3214 3454 1426 1044 3073 3029 3182 637 1099 2109 3927 3252 1536 2192 1503 3102 3779 1602 3918 2200 3237 1568 3611 3116 3512 3479 
1417 1227 1964 1046 2017 1217 313 1925 902 1658 2130 1289 1406 1009 1422 1035 1531 1174 1610 1062 1359 775 808 1051 891 1550 880 2214 1825 1241 1742 1683 1288 597 1071 1494 639 1070 2102 1979 1681 1185 318 1948 1433 943 1049 1652 1325 575 1959 0 2129 188 666 1520 559 246 1816 505 978 1729 1603 1103 966 932 2208 1601 1516 2208 1124 604 2138 594 1255 1948 932 1390 1154 1073 1292 1324 954 282 2100 1320 668 688 485 1306 2181 1615 2168 712 1509 1477 2071 1475 1951 1529 
1002 3354 810 2932 699 3152 1918 1175 1360 484 730 1265 3530 3117 3402 3152 3600 3207 3552 1096 861 2426 2414 3060 1351 934 1607 1086 1168 978 3868 1266 3318 1669 1841 3525 1589 1066 238 364 3731 3309 2435 3891 3479 1290 1643 3775 812 2688 4038 2129 0 2068 2617 1083 1894 1931 1354 2295 1795 844 3732 3196 1446 2496 599 528 824 229 1428 1566 346 2266 1000 1331 3000 3498 1393 1099 1457 3421 2949 1933 423 812 2524 2321 2540 993 1128 3582 702 1899 981 3453 1258 1182 1211 1021 
1437 1296 1977 1225 1900 1387 424 1973 932 1611 2133 1341 1467 1129 1581 1085 1543 1164 1570 979 1345 628 656 1027 915 1424 967 2247 1874 1141 1830 1742 1438 665 1198 1486 512 1001 2022 1890 1684 1283 460 1913 1432 960 874 1750 1256 623 2084 188 2068 0 602 1380 690 343 1883 693 1099 1604 1683 1232 816 1119 2100 1541 1405 2129 1194 506 2107 777 1147 2010 939 1430 998 983 1126 1447 1118 394 2077 1255 855 530 651 1313 2218 1584 2169 848 1532 1447 2124 1522 2002 1395 
2039 888 2579 1307 2350 1383 978 2573 1534 2180 2732 1939 1023 920 1492 652 990 592 968 1521 1939 366 412 443 1518 1866 1545 2850 2474 1652 1440 2339 1313 1253 1729 908 1027 1560 2543 2400 1115 969 608 1311 864 1563 1165 1391 1808 367 1803 666 2617 602 0 1786 1222 907 2475 1046 1640 2045 1276 1041 1233 1434 2566 2097 1884 2652 1784 1061 2686 1156 1644 2606 419 936 1374 1517 1444 1204 1119 947 2662 1811 1088 394 784 1914 2821 985 2766 1370 2134 849 2723 2122 2601 1817 
1298 2637 1559 2532 578 2723 1461 1810 1220 897 1602 1462 2793 2509 2939 2408 2765 2365 2631 625 1041 1508 1483 2211 1192 152 1507 1903 1746 442 3186 1735 2809 1359 1840 2662 881 692 907 747 2874 2653 1833 2956 2631 1157 645 3115 643 1974 3464 1520 1083 1380 1786 0 1592 1427 1882 1895 1748 278 3031 2613 568 2245 804 768 296 1007 1500 934 1331 1920 387 1939 2203 2721 412 586 396 2827 2469 1459 1362 669 2117 1422 2003 1168 1916 2673 1603 1687 1361 2557 1952 1524 1852 63 
1008 1620 1545 1039 1971 1258 266 1437 535 1409 1726 816 1804 1295 1508 1474 2007 1685 2141 995 1041 1318 1346 1578 542 1567 367 1747 1338 1199 2063 1181 1434 242 511 1994 816 958 1929 1839 2165 1514 712 2472 1927 604 1326 1955 1172 1056 2163 559 1894 690 1222 1592 0 348 1299 408 418 1727 1951 1350 1141 656 2122 1394 1481 2025 627 718 1818 372 1237 1437 1433 1828 1327 1026 1497 1571 1064 295 1764 1157 632 1220 717 939 1705 2139 1772 158 1088 2001 1573 1001 1457 1578 
1176 1445 1724 1105 1882 1301 81 1679 661 1453 1892 1042 1626 1186 1529 1265 1772 1420 1856 902 1133 972 999 1297 651 1434 638 1969 1579 1096 1940 1437 1417 350 854 1738 567 895 1923 1810 1923 1381 510 2195 1677 706 1051 1844 1142 812 2118 246 1931 343 907 1427 348 0 1570 473 756 1608 1809 1267 909 868 2059 1406 1379 2026 879 495 1918 521 1119 1702 1175 1621 1101 921 1258 1492 1059 53 1876 1134 690 872 614 1070 1935 1862 1933 506 1267 1724 1825 1228 1704 1426 
592 2907 570 2137 1875 2356 1504 222 970 1071 732 550 3090 2552 2611 2772 3307 2979 3426 1371 843 2475 2489 2864 994 1759 940 535 186 1472 3309 155 2595 1222 898 3292 1669 1286 1540 1564 3464 2780 2012 3762 3226 968 2067 3192 1240 2354 3317 1816 1354 1883 2475 1882 1299 1570 0 1655 935 1814 3214 2584 1807 1620 1887 1176 1606 1577 691 1573 1063 1568 1530 139 2729 3124 1905 1411 2063 2791 2249 1534 976 1214 1825 2364 2000 737 475 3429 785 1190 521 3290 294 393 211 1829 
1414 1253 1946 652 2325 863 433 1812 941 1810 2129 1210 1435 901 1108 1137 1681 1402 1873 1339 1448 1250 1288 1318 946 1893 760 2130 1716 1540 1667 1551 1027 625 781 1691 1040 1317 2319 2220 1842 1127 444 2188 1619 1007 1514 1555 1548 782 1755 505 2295 693 1046 1895 408 473 1655 0 723 2062 1562 947 1382 427 2490 1786 1825 2417 1015 966 2227 111 1570 1795 1150 1479 1575 1364 1730 1166 657 436 2172 1536 232 1175 353 1347 2085 1860 2175 469 1491 1726 1939 1391 1828 1890 
809 1976 1286 1230 2021 1453 676 1103 532 1332 1475 558 2158 1617 1711 1853 2394 2089 2551 1123 943 1728 1753 1987 558 1688 241 1428 1010 1315 2375 840 1677 486 105 2392 1116 1059 1882 1823 2554 1846 1110 2878 2322 600 1620 2259 1206 1458 2406 978 1795 1099 1640 1748 418 756 935 723 0 1823 2279 1650 1398 732 2134 1356 1572 1963 371 1009 1647 634 1365 1074 1836 2200 1565 1162 1741 1859 1321 707 1579 1184 892 1627 1072 802 1379 2546 1526 274 863 2408 1223 715 1116 1720 
1258 2881 1422 2710 305 2909 1631 1712 1292 763 1436 1459 3041 2732 3135 2656 3029 2628 2905 732 1003 1778 1755 2475 1268 181 1586 1760 1660 527 3427 1676 3013 1486 1906 2930 1094 775 647 489 3141 2886 2046 3231 2896 1222 920 3351 631 2212 3686 1729 844 1604 2045 278 1727 1608 1814 2062 1823 0 3274 2831 813 2384 529 643 251 741 1533 1127 1126 2075 492 1853 2458 2976 679 702 675 3049 2664 1633 1169 655 2291 1689 2205 1148 1781 2946 1429 1802 1303 2828 1843 1487 1754 232 
2953 394 3495 1179 3575 1029 1837 3375 2449 3259 3674 2767 265 662 879 627 604 827 1038 2658 2940 1626 1667 948 2446 3093 2316 3692 3278 2824 166 3113 755 2119 2323 755 2193 2672 3702 3573 696 436 1299 1136 706 2505 2433 180 2927 1063 636 1603 3732 1683 1276 3031 1951 1809 3214 1562 2279 3274 0 640 2464 1664 3780 3204 3086 3808 2575 2187 3726 1645 2830 3353 865 414 2625 2665 2712 478 999 1816 3683 2923 1392 1670 1235 2865 3648 970 3718 2031 3036 932 3501 2950 3391 3054 
2358 464 2893 559 3120 468 1278 2752 1869 2714 3076 2157 601 121 469 543 975 914 1331 2159 2372 1403 1450 944 1870 2651 1707 3073 2657 2343 724 2490 283 1542 1689 1062 1737 2160 3191 3075 1127 253 784 1557 987 1931 2076 609 2410 700 856 1103 3196 1232 1041 2613 1350 1267 2584 947 1650 2831 640 0 2047 1025 3311 2673 2619 3294 1962 1707 3158 1019 2358 2724 765 721 2227 2174 2344 224 361 1262 3108 2402 758 1405 656 2283 3026 1285 3122 1413 2438 1185 2873 2337 2766 2626 
1227 2070 1656 1999 1118 2180 958 1804 927 1084 1757 1291 2228 1942 2388 1843 2220 1820 2122 454 1011 989 973 1667 897 634 1168 1986 1719 475 2618 1652 2251 937 1500 2126 342 534 1335 1184 2337 2084 1273 2456 2089 890 260 2547 703 1405 2897 966 1446 816 1233 568 1141 909 1807 1382 1398 813 2464 2047 0 1766 1333 971 659 1444 1253 425 1594 1425 446 1900 1645 2162 192 422 355 2260 1920 949 1595 718 1594 891 1451 1077 1981 2158 1776 1266 1314 2035 1959 1415 1842 590 
1534 1433 2018 519 2624 735 809 1811 1149 2019 2207 1290 1601 1029 991 1380 1915 1699 2173 1652 1634 1667 1707 1642 1164 2224 889 2139 1723 1856 1733 1550 983 897 732 1955 1427 1613 2556 2477 2077 1258 827 2464 1880 1223 1919 1611 1818 1123 1697 932 2496 1119 1434 2245 656 868 1620 427 732 2384 1664 1025 1766 0 2769 2020 2137 2646 1098 1341 2373 348 1894 1757 1458 1684 1957 1682 2120 1206 665 822 2307 1801 355 1598 661 1507 2085 2148 2258 602 1593 2021 1914 1447 1818 2233 
1426 3389 1382 3142 228 3351 2070 1732 1627 845 1325 1673 3553 3217 3586 3167 3553 3153 3434 1157 1210 2307 2284 3000 1609 701 1912 1680 1709 967 3930 1776 3476 1881 2202 3456 1587 1173 366 327 3668 3382 2527 3760 3421 1553 1449 3850 950 2717 4167 2208 599 2100 2566 804 2122 2059 1887 2490 2134 529 3780 3311 1333 2769 0 786 694 387 1796 1604 945 2487 953 1887 2977 3493 1207 1139 1197 3532 3118 2077 1019 967 2722 2216 2670 1362 1718 3475 1299 2169 1438 3357 1833 1642 1771 761 
651 2826 792 2432 716 2649 1397 1068 870 129 837 889 3002 2593 2895 2624 3077 2686 3042 577 424 1925 1917 2540 857 624 1143 1135 1018 498 3341 1044 2804 1161 1419 3006 1071 540 536 467 3210 2782 1909 3384 2958 797 1198 3248 289 2160 3519 1601 528 1541 2097 768 1394 1406 1176 1786 1356 643 3204 2673 971 2020 786 0 472 631 1011 1041 623 1766 536 1209 2475 2971 962 586 1068 2898 2437 1410 629 286 2018 1817 2018 576 1150 3070 843 1418 679 2940 1201 876 1110 707 
1034 2695 1263 2475 503 2678 1397 1523 1041 601 1305 1221 2861 2524 2908 2475 2874 2474 2780 487 776 1648 1630 2323 1016 154 1335 1607 1463 284 3235 1463 2792 1240 1656 2784 893 526 682 527 2994 2688 1834 3114 2745 971 825 3155 388 2023 3475 1516 824 1405 1884 296 1481 1379 1606 1825 1572 251 3086 2619 659 2137 694 472 0 790 1286 912 1044 1834 261 1656 2291 2804 574 461 635 2840 2438 1401 1070 414 2055 1550 1983 914 1621 2817 1307 1552 1088 2694 1662 1262 1565 235 
1191 3424 1039 3063 530 3279 2022 1402 1498 631 959 1452 3597 3210 3525 3214 3641 3244 3565 1151 1020 2433 2417 3094 1486 868 1762 1315 1393 1000 3950 1483 3432 1792 2017 3558 1632 1137 109 263 3767 3393 2522 3901 3516 1426 1613 3861 884 2753 4144 2208 229 2129 2652 1007 2025 2026 1577 2417 1963 741 3808 3294 1444 2646 387 631 790 0 1603 1623 572 2397 1009 1559 3047 3554 1362 1146 1398 3519 3066 2034 651 892 2649 2333 2640 1162 1357 3600 928 2044 1181 3475 1488 1384 1439 949 
438 2247 935 1582 1701 1806 814 811 329 975 1122 196 2431 1915 2063 2099 2627 2291 2735 890 589 1797 1814 2174 358 1418 259 1119 712 1058 2682 560 2016 531 413 2606 1041 812 1525 1477 2783 2138 1332 3072 2541 364 1502 2571 902 1669 2747 1124 1428 1194 1784 1500 627 879 691 1015 371 1533 2575 1962 1253 1098 1796 1011 1286 1603 0 936 1276 947 1113 824 2043 2454 1393 931 1566 2179 1652 843 1209 878 1215 1688 1343 441 1078 2739 1171 550 496 2600 951 375 833 1463 
1044 1801 1555 1598 1413 1789 536 1617 613 1119 1693 1025 1973 1612 2009 1591 2035 1646 2019 473 898 941 945 1502 586 950 795 1855 1523 639 2332 1420 1885 529 1114 1967 107 501 1516 1385 2170 1780 922 2363 1918 604 615 2248 754 1129 2563 604 1566 506 1061 934 718 495 1573 966 1009 1127 2187 1707 425 1341 1604 1041 912 1623 936 0 1625 1003 651 1685 1434 1934 615 478 780 1928 1538 530 1603 754 1185 828 1077 903 1836 2042 1723 849 1140 1909 1773 1184 1651 936 
838 3362 497 2840 1029 3064 1890 866 1288 515 388 1092 3542 3090 3319 3173 3650 3268 3643 1184 786 2537 2531 3126 1287 1179 1492 743 877 1121 3854 1000 3253 1616 1675 3590 1670 1132 581 684 3790 3295 2428 3986 3538 1227 1820 3753 900 2710 3982 2138 346 2107 2686 1331 1818 1918 1063 2227 1647 1126 3726 3158 1594 2373 945 623 1044 572 1276 1625 0 2182 1158 1021 3046 3527 1580 1199 1673 3381 2883 1910 87 891 2448 2428 2505 880 788 3667 356 1795 788 3534 932 969 899 1267 
1359 1347 1882 666 2329 886 467 1732 906 1782 2067 1143 1528 983 1138 1240 1785 1511 1984 1346 1411 1351 1388 1430 914 1910 698 2053 1637 1550 1743 1470 1073 608 684 1798 1084 1317 2301 2209 1946 1212 556 2297 1725 976 1572 1629 1539 893 1805 594 2266 777 1156 1920 372 521 1568 111 634 2075 1645 1019 1425 348 2487 1766 1834 2397 947 1003 2182 0 1583 1708 1260 1578 1617 1374 1777 1233 706 477 2124 1525 268 1274 457 1302 2007 1970 2114 397 1432 1836 1856 1320 1747 1912 
939 2440 1277 2218 763 2420 1140 1483 834 657 1355 1083 2608 2263 2648 2222 2634 2236 2559 245 688 1428 1415 2085 807 330 1124 1618 1410 58 2978 1379 2531 998 1455 2549 636 306 900 756 2758 2429 1574 2896 2507 771 662 2896 305 1767 3214 1255 1000 1147 1644 387 1237 1119 1530 1570 1365 492 2830 2358 446 1894 953 536 261 1009 1113 651 1158 1583 0 1601 2044 2556 428 211 552 2579 2178 1142 1165 327 1799 1326 1722 801 1622 2592 1367 1319 1011 2466 1632 1158 1524 355 
674 3046 525 2275 1892 2493 1638 156 1090 1097 663 671 3229 2691 2747 2910 3444 3114 3559 1457 912 2597 2610 2998 1112 1811 1076 417 193 1543 3448 268 2734 1353 1037 3428 1778 1372 1531 1570 3601 2920 2149 3896 3362 1083 2160 3331 1303 2490 3454 1948 1331 2010 2606 1939 1437 1702 139 1795 1074 1853 3353 2724 1900 1757 1887 1209 1656 1559 824 1685 1021 1708 1601 0 2865 3262 1988 1495 2142 2930 2388 1668 934 1278 1965 2485 2139 822 354 3563 714 1329 591 3424 160 501 122 1884 
2349 488 2896 1183 2763 1191 1231 2851 1834 2549 3059 2215 606 652 1234 260 604 253 724 1905 2279 760 802 192 1822 2279 1789 3144 2751 2048 1030 2603 1049 1524 1911 563 1415 1935 2939 2800 749 617 726 1042 501 1874 1585 993 2188 377 1426 932 3000 939 419 2203 1433 1175 2729 1150 1836 2458 865 765 1645 1458 2977 2475 2291 3047 2043 1434 3046 1260 2044 2865 0 517 1792 1904 1864 873 966 1203 3015 2189 1104 809 811 2236 3110 711 3097 1562 2441 576 2994 2402 2875 2232 
2795 259 3344 1272 3280 1187 1665 3265 2281 3039 3514 2637 169 669 1117 356 255 419 660 2406 2749 1261 1299 554 2273 2796 2194 3571 3166 2557 575 3009 950 1958 2260 372 1923 2432 3446 3309 406 470 1124 840 308 2328 2101 583 2686 816 1044 1390 3498 1430 936 2721 1828 1621 3124 1479 2200 2976 414 721 2162 1684 3493 2971 2804 3554 2454 1934 3527 1578 2556 3262 517 0 2309 2409 2380 682 1058 1640 3491 2686 1360 1320 1127 2692 3531 600 3554 1934 2884 535 3401 2824 3285 2750 
1315 2230 1699 2190 984 2370 1150 1881 1074 1085 1782 1410 2384 2120 2575 2000 2353 1952 2227 533 1080 1099 1076 1799 1044 509 1330 2037 1801 475 2781 1750 2436 1116 1666 2251 534 618 1255 1098 2463 2254 1457 2555 2219 1029 251 2714 725 1572 3073 1154 1393 998 1374 412 1327 1101 1905 1575 1565 679 2625 2227 192 1957 1207 962 574 1362 1393 615 1580 1617 428 1988 1792 2309 0 494 175 2437 2108 1141 1591 745 1786 1010 1639 1168 2037 2267 1795 1447 1397 2149 2034 1518 1921 447 
821 2279 1233 2014 962 2218 936 1391 635 684 1337 925 2451 2082 2450 2068 2502 2108 2457 42 592 1340 1332 1960 607 542 921 1564 1309 176 2810 1256 2337 786 1255 2426 490 125 1038 908 2632 2256 1391 2798 2380 577 678 2724 299 1607 3029 1073 1099 983 1517 586 1026 921 1411 1364 1162 702 2665 2174 422 1682 1139 586 461 1146 931 478 1199 1374 211 1495 1904 2409 494 0 655 2396 1980 941 1191 308 1594 1231 1530 674 1559 2485 1358 1108 904 2355 1544 1025 1430 561 
1472 2318 1829 2335 969 2509 1311 2030 1249 1195 1901 1578 2465 2233 2707 2085 2406 2007 2249 696 1230 1139 1110 1854 1219 530 1506 2171 1953 606 2871 1909 2562 1289 1842 2296 693 781 1296 1136 2508 2356 1586 2569 2268 1202 279 2809 857 1673 3182 1292 1457 1126 1444 396 1497 1258 2063 1730 1741 675 2712 2344 355 2120 1197 1068 635 1398 1566 780 1673 1777 552 2142 1864 2380 175 655 0 2549 2243 1300 1692 880 1937 1063 1775 1326 2175 2294 1910 1619 1550 2182 2181 1680 2070 450 
2579 457 3112 706 3340 552 1503 2963 2093 2939 3295 2374 529 318 436 621 936 969 1334 2382 2596 1570 1616 1031 2094 2869 1926 3286 2869 2565 527 2700 283 1765 1893 1051 1955 2384 3415 3298 1073 260 1005 1517 981 2154 2278 405 2634 886 637 1324 3421 1447 1204 2827 1571 1492 2791 1166 1859 3049 478 224 2260 1206 3532 2898 2840 3519 2179 1928 3381 1233 2579 2930 873 682 2437 2396 2549 0 545 1487 3331 2627 968 1582 880 2506 3238 1279 3341 1629 2657 1197 3081 2553 2976 2842 
2065 800 2588 221 2941 274 1049 2425 1598 2465 2773 1848 954 388 471 807 1304 1169 1622 1960 2105 1450 1496 1158 1603 2488 1405 2749 2332 2155 1070 2162 369 1280 1350 1371 1588 1948 2966 2861 1462 606 663 1877 1295 1664 1992 949 2189 752 1099 954 2949 1118 1119 2469 1064 1059 2249 657 1321 2664 999 361 1920 665 3118 2437 2438 3066 1652 1538 2883 706 2178 2388 966 1058 2108 1980 2243 545 0 1041 2828 2178 437 1423 468 2003 2700 1584 2821 1103 2139 1470 2540 2024 2436 2474 
1155 1456 1704 1077 1903 1277 31 1648 641 1452 1874 1012 1639 1185 1509 1283 1796 1450 1891 919 1124 1023 1050 1330 634 1461 598 1942 1548 1116 1944 1403 1402 321 804 1767 607 908 1932 1822 1949 1385 520 2228 1704 691 1097 1846 1152 835 2109 282 1933 394 947 1459 295 53 1534 436 707 1633 1816 1262 949 822 2077 1410 1401 2034 843 530 1910 477 1142 1668 1203 1640 1141 941 1300 1487 1041 0 1867 1143 659 924 607 1055 1906 1895 1915 454 1245 1756 1792 1199 1673 1456 
772 3321 409 2780 1090 3004 1846 778 1238 511 307 1021 3503 3042 3259 3136 3620 3240 3622 1173 743 2524 2520 3099 1239 1210 1431 663 790 1125 3808 915 3197 1567 1604 3562 1653 1116 653 745 3761 3250 2386 3966 3509 1179 1827 3705 895 2675 3927 2100 423 2077 2662 1362 1764 1876 976 2172 1579 1169 3683 3108 1595 2307 1019 629 1070 651 1209 1603 87 2124 1165 934 3015 3491 1591 1191 1692 3331 2828 1867 0 883 2392 2413 2458 825 706 3645 280 1735 716 3511 845 892 811 1298 
629 2543 953 2186 837 2399 1131 1157 663 376 1042 807 2718 2318 2641 2339 2790 2400 2759 293 372 1647 1640 2254 643 558 954 1292 1086 273 3062 1066 2543 917 1262 2720 786 254 789 684 2924 2504 1631 3101 2672 590 962 2971 26 1875 3252 1320 812 1255 1811 669 1157 1134 1214 1536 1184 655 2923 2402 718 1801 967 286 414 892 878 754 891 1525 327 1278 2189 2686 745 308 880 2627 2178 1143 883 0 1769 1538 1749 502 1295 2786 1058 1202 693 2655 1305 855 1198 619 
1627 1118 2150 420 2556 631 659 1995 1167 2039 2336 1411 1294 733 877 1040 1581 1347 1821 1570 1674 1346 1388 1287 1173 2120 967 2317 1901 1771 1483 1732 805 857 931 1612 1252 1549 2551 2453 1744 965 490 2119 1537 1235 1709 1367 1781 768 1536 668 2524 855 1088 2117 632 690 1825 232 892 2291 1392 758 1594 355 2722 2018 2055 2649 1215 1185 2448 268 1799 1965 1104 1360 1786 1594 1937 968 437 659 2392 1769 0 1286 307 1568 2270 1799 2383 665 1701 1670 2115 1588 2008 2115 
1867 1282 2383 1584 1994 1696 954 2431 1395 1913 2520 1814 1415 1285 1836 1046 1344 944 1232 1244 1725 113 127 791 1372 1515 1479 2680 2334 1343 1834 2217 1665 1173 1726 1241 762 1297 2224 2075 1452 1356 804 1570 1209 1406 786 1785 1530 705 2192 688 2321 530 394 1422 1220 872 2364 1175 1627 1689 1670 1405 891 1598 2216 1817 1550 2333 1688 828 2428 1274 1326 2485 809 1320 1010 1231 1063 1582 1423 924 2413 1538 1286 0 1011 1729 2659 1267 2549 1378 1963 1144 2585 1987 2463 1458 
1718 906 2260 583 2486 735 622 2150 1220 2058 2439 1533 1090 584 936 784 1328 1060 1534 1513 1719 1060 1104 989 1218 2027 1084 2463 2052 1703 1352 1890 808 890 1133 1341 1121 1509 2538 2425 1490 798 209 1842 1269 1278 1525 1247 1757 462 1503 485 2540 651 784 2003 717 614 2000 353 1072 2205 1235 656 1451 661 2670 2018 1983 2640 1343 1077 2505 457 1722 2139 811 1127 1639 1530 1775 880 468 607 2458 1749 307 1011 0 1635 2420 1517 2483 809 1801 1384 2281 1718 2168 2010 
149 2511 664 1962 1282 2185 1031 729 416 533 823 316 2694 2220 2439 2336 2838 2472 2883 635 152 1842 1848 2339 420 1060 619 951 641 742 2987 582 2373 746 854 2794 985 550 1084 1040 2985 2431 1575 3226 2736 364 1338 2883 528 1880 3102 1306 993 1313 1914 1168 939 1070 737 1347 802 1148 2865 2283 1077 1507 1362 576 914 1162 441 903 880 1302 801 822 2236 2692 1168 674 1326 2506 2003 1055 825 502 1568 1729 1635 0 933 2897 862 918 240 2761 885 357 767 1121 
792 3325 359 2600 1763 2820 1878 275 1286 1023 400 895 3509 2986 3076 3176 3701 3355 3785 1526 970 2772 2780 3231 1303 1774 1338 64 369 1568 3750 538 3053 1585 1356 3673 1918 1447 1352 1423 3855 3212 2409 4126 3611 1260 2238 3636 1317 2740 3779 2181 1128 2218 2821 1916 1705 1935 475 2085 1379 1781 3648 3026 1981 2085 1718 1150 1621 1357 1078 1836 788 2007 1622 354 3110 3531 2037 1559 2175 3238 2700 1906 706 1295 2270 2659 2420 933 0 3794 438 1616 696 3656 199 708 268 1856 
3020 830 3562 1805 3251 1754 1924 3541 2510 3158 3716 2905 766 1207 1711 779 366 458 73 2493 2925 1170 1191 564 2495 2776 2489 3826 3441 2607 1105 3298 1537 2213 2622 228 2000 2537 3491 3342 315 1047 1437 333 299 2542 2028 1150 2781 1087 1602 1615 3582 1584 985 2673 2139 1862 3429 1860 2546 2946 970 1285 2158 2148 3475 3070 2817 3600 2739 2042 3667 1970 2592 3563 711 600 2267 2485 2294 1279 1584 1895 3645 2786 1799 1267 1517 2897 3794 0 3751 2271 3114 138 3687 3090 3567 2714 
765 3370 241 2752 1368 2976 1891 568 1274 715 53 974 3553 3066 3233 3198 3700 3331 3733 1333 827 2661 2662 3196 1281 1454 1417 389 608 1320 3834 762 3186 1601 1533 3654 1787 1265 934 1022 3847 3282 2435 4077 3596 1226 2020 3727 1075 2743 3918 2168 702 2169 2766 1603 1772 1933 785 2175 1526 1429 3718 3122 1776 2258 1299 843 1307 928 1171 1723 356 2114 1367 714 3097 3554 1795 1358 1910 3341 2821 1915 280 1058 2383 2549 2483 862 438 3751 0 1718 684 3615 600 811 593 1540 
965 1716 1485 1045 2031 1268 424 1343 547 1419 1670 746 1899 1370 1524 1585 2124 1815 2276 1074 1038 1475 1504 1713 562 1650 303 1661 1247 1277 2135 1083 1468 331 359 2119 951 1027 1954 1874 2283 1596 836 2604 2050 620 1463 2022 1219 1184 2200 712 1899 848 1370 1687 158 506 1190 469 274 1802 2031 1413 1266 602 2169 1418 1552 2044 550 849 1795 397 1319 1329 1562 1934 1447 1108 1619 1629 1103 454 1735 1202 665 1378 809 918 1616 2271 1718 0 1036 2134 1472 924 1360 1668 
95 2693 460 2076 1394 2300 1219 489 606 594 638 305 2877 2383 2557 2528 3040 2682 3102 866 322 2076 2083 2552 619 1240 733 718 405 953 3151 374 2505 926 887 3003 1224 783 1120 1110 3190 2600 1761 3444 2942 571 1574 3043 718 2079 3237 1509 981 1532 2134 1361 1088 1267 521 1491 863 1303 3036 2438 1314 1593 1438 679 1088 1181 496 1140 788 1432 1011 591 2441 2884 1397 904 1550 2657 2139 1245 716 693 1701 1963 1801 240 696 3114 684 1036 0 2976 645 204 528 1308 
2882 742 3425 1692 3133 1651 1786 3403 2372 3026 3580 2766 705 1100 1623 663 341 324 152 2363 2789 1050 1074 426 2357 2656 2350 3688 3303 2480 1079 3160 1446 2074 2486 181 1868 2405 3366 3218 355 955 1300 471 227 2405 1913 1109 2650 950 1568 1477 3453 1447 849 2557 2001 1724 3290 1726 2408 2828 932 1185 2035 2021 3357 2940 2694 3475 2600 1909 3534 1836 2466 3424 576 535 2149 2355 2182 1197 1470 1756 3511 2655 1670 1144 1384 2761 3656 138 3615 2134 2976 0 3549 2952 3429 2597 
737 3188 450 2431 1857 2650 1763 156 1194 1080 554 783 3371 2838 2905 3047 3578 3242 3681 1508 953 2698 2709 3122 1215 1817 1208 263 251 1575 3598 391 2888 1474 1190 3558 1862 1425 1471 1524 3734 3066 2283 4020 3493 1179 2219 3482 1328 2621 3611 2071 1258 2124 2723 1952 1573 1825 294 1939 1223 1843 3501 2873 1959 1914 1833 1201 1662 1488 951 1773 932 1856 1632 160 2994 3401 2034 1544 2181 3081 2540 1792 845 1305 2115 2585 2281 885 199 3687 600 1472 645 3549 0 601 122 1894 
229 2621 571 1944 1592 2168 1171 451 593 796 760 187 2805 2291 2426 2468 2993 2648 3083 985 486 2099 2111 2526 614 1412 634 746 351 1100 3058 238 2385 878 722 2966 1278 899 1325 1314 3147 2514 1701 3423 2903 582 1675 2946 881 2032 3116 1475 1182 1522 2122 1524 1001 1228 393 1391 715 1487 2950 2337 1415 1447 1642 876 1262 1384 375 1184 969 1320 1158 501 2402 2824 1518 1025 1680 2553 2024 1199 892 855 1588 1987 1718 357 708 3090 811 924 204 2952 601 0 479 1474 
617 3074 403 2333 1782 2553 1644 41 1072 993 542 662 3258 2729 2809 2931 3461 3123 3561 1393 840 2576 2586 3002 1092 1720 1091 325 129 1467 3490 277 2788 1354 1089 3439 1741 1310 1414 1456 3616 2956 2166 3899 3374 1057 2102 3375 1222 2502 3512 1951 1211 2002 2601 1852 1457 1704 211 1828 1116 1754 3391 2766 1842 1818 1771 1110 1565 1439 833 1651 899 1747 1524 122 2875 3285 1921 1430 2070 2976 2436 1673 811 1198 2008 2463 2168 767 268 3567 593 1360 528 3429 122 479 0 1795 
1248 2661 1498 2531 536 2725 1457 1753 1189 836 1539 1418 2819 2524 2945 2434 2800 2399 2673 598 990 1546 1523 2245 1162 88 1479 1842 1691 406 3209 1683 2817 1342 1810 2699 890 661 848 688 2911 2672 1844 2999 2666 1125 688 3136 593 1995 3479 1529 1021 1395 1817 63 1578 1426 1829 1890 1720 232 3054 2626 590 2233 761 707 235 949 1463 936 1267 1912 355 1884 2232 2750 447 561 450 2842 2474 1456 1298 619 2115 1458 2010 1121 1856 2714 1540 1668 1308 2597 1894 1474 1795 0 
