NAME : pla7397
COMMENT : Programmed logic array (Johnson)
TYPE : TSP
DIMENSION : 7397
EDGE_WEIGHT_TYPE : CEIL_2D
NODE_COORD_SECTION 
1 515725 507650
2 520000 507650
3 507725 507650
4 512000 507650
5 203875 506925
6 205600 506925
7 187875 506925
8 189600 506925
9 195875 506925
10 197600 506925
11 155725 507650
12 160000 507650
13 147875 506925
14 149600 506925
15 139875 506925
16 141600 506925
17 131725 507650
18 136000 507650
19 75875 506925
20 77600 506925
21 67875 506925
22 69600 506925
23 59875 506925
24 61600 506925
25 219875 472925
26 221600 472925
27 195725 473650
28 200000 473650
29 203875 472925
30 205600 472925
31 187725 473650
32 192000 473650
33 147875 472925
34 149600 472925
35 139725 473650
36 144000 473650
37 131725 473650
38 136000 473650
39 123875 472925
40 125600 472925
41 75875 472925
42 77600 472925
43 67875 472925
44 69600 472925
45 59875 472925
46 61600 472925
47 555725 439650
48 560000 439650
49 531875 438925
50 533600 438925
51 523725 439650
52 528000 439650
53 515725 439650
54 520000 439650
55 507875 438925
56 509600 438925
57 475725 439650
58 480000 439650
59 467725 439650
60 472000 439650
61 155875 438925
62 157600 438925
63 131725 439650
64 136000 439650
65 139875 438925
66 141600 438925
67 187725 439650
68 192000 439650
69 59875 438925
70 61600 438925
71 75875 438925
72 77600 438925
73 67875 438925
74 69600 438925
75 555875 404925
76 557600 404925
77 539725 405650
78 544000 405650
79 515725 405650
80 520000 405650
81 523725 405650
82 528000 405650
83 507875 404925
84 509600 404925
85 475725 405650
86 480000 405650
87 411725 405650
88 416000 405650
89 443875 404925
90 445600 404925
91 467725 405650
92 472000 405650
93 155725 405650
94 160000 405650
95 147875 404925
96 149600 404925
97 131725 405650
98 136000 405650
99 123875 404925
100 125600 404925
101 75875 404925
102 77600 404925
103 67875 404925
104 69600 404925
105 59875 404925
106 61600 404925
107 555875 370925
108 557600 370925
109 547725 371650
110 552000 371650
111 539875 370925
112 541600 370925
113 515875 370925
114 517600 370925
115 523875 370925
116 525600 370925
117 507875 370925
118 509600 370925
119 467875 370925
120 469600 370925
121 475875 370925
122 477600 370925
123 451875 370925
124 453600 370925
125 459875 370925
126 461600 370925
127 403875 370925
128 405600 370925
129 411875 370925
130 413600 370925
131 155725 371650
132 160000 371650
133 147875 370925
134 149600 370925
135 139725 371650
136 144000 371650
137 131875 370925
138 133600 370925
139 75875 370925
140 77600 370925
141 59875 370925
142 61600 370925
143 67875 370925
144 69600 370925
145 555875 336925
146 557600 336925
147 547725 337650
148 552000 337650
149 539725 337650
150 544000 337650
151 531725 337650
152 536000 337650
153 523725 337650
154 528000 337650
155 507875 336925
156 509600 336925
157 475725 337650
158 480000 337650
159 459725 337650
160 464000 337650
161 451725 337650
162 456000 337650
163 443725 337650
164 448000 337650
165 411725 337650
166 416000 337650
167 403725 337650
168 408000 337650
169 187875 336925
170 189600 336925
171 131725 337650
172 136000 337650
173 147875 336925
174 149600 336925
175 91725 337650
176 96000 337650
177 139875 336925
178 141600 336925
179 67875 336925
180 69600 336925
181 59875 336925
182 61600 336925
183 555725 303650
184 560000 303650
185 515875 302925
186 517600 302925
187 531725 303650
188 536000 303650
189 539875 302925
190 541600 302925
191 475875 302925
192 477600 302925
193 467875 302925
194 469600 302925
195 507875 302925
196 509600 302925
197 451725 303650
198 456000 303650
199 443875 302925
200 445600 302925
201 411875 302925
202 413600 302925
203 155725 303650
204 160000 303650
205 187875 302925
206 189600 302925
207 91725 303650
208 96000 303650
209 139875 302925
210 141600 302925
211 59875 302925
212 61600 302925
213 75875 302925
214 77600 302925
215 67875 302925
216 69600 302925
217 539875 268925
218 541600 268925
219 531875 268925
220 533600 268925
221 523875 268925
222 525600 268925
223 475725 269650
224 480000 269650
225 507725 269650
226 512000 269650
227 515725 269650
228 520000 269650
229 459725 269650
230 464000 269650
231 443725 269650
232 448000 269650
233 451875 268925
234 453600 268925
235 411875 268925
236 413600 268925
237 155875 268925
238 157600 268925
239 147725 269650
240 152000 269650
241 139725 269650
242 144000 269650
243 131875 268925
244 133600 268925
245 75875 268925
246 77600 268925
247 67875 268925
248 69600 268925
249 59875 268925
250 61600 268925
251 507875 234925
252 509600 234925
253 547725 235650
254 552000 235650
255 531725 235650
256 536000 235650
257 515725 235650
258 520000 235650
259 523725 235650
260 528000 235650
261 539875 234925
262 541600 234925
263 475725 235650
264 480000 235650
265 467875 234925
266 469600 234925
267 459875 234925
268 461600 234925
269 451725 235650
270 456000 235650
271 155875 234925
272 157600 234925
273 147725 235650
274 152000 235650
275 123875 234925
276 125600 234925
277 131725 235650
278 136000 235650
279 75875 234925
280 77600 234925
281 67875 234925
282 69600 234925
283 59875 234925
284 61600 234925
285 555875 200925
286 557600 200925
287 539875 200925
288 541600 200925
289 531875 200925
290 533600 200925
291 523725 201650
292 528000 201650
293 507725 201650
294 512000 201650
295 515725 201650
296 520000 201650
297 459725 201650
298 464000 201650
299 451725 201650
300 456000 201650
301 443725 201650
302 448000 201650
303 411875 200925
304 413600 200925
305 155875 200925
306 157600 200925
307 147725 201650
308 152000 201650
309 139725 201650
310 144000 201650
311 123875 200925
312 125600 200925
313 83875 200925
314 85600 200925
315 67875 200925
316 69600 200925
317 59875 200925
318 61600 200925
319 523725 167650
320 528000 167650
321 507725 167650
322 512000 167650
323 515725 167650
324 520000 167650
325 475725 167650
326 480000 167650
327 459875 166925
328 461600 166925
329 155875 166925
330 157600 166925
331 147725 167650
332 152000 167650
333 123875 166925
334 125600 166925
335 131725 167650
336 136000 167650
337 83875 166925
338 85600 166925
339 75875 166925
340 77600 166925
341 59875 166925
342 61600 166925
343 507875 132925
344 509600 132925
345 515725 133650
346 520000 133650
347 459875 132925
348 461600 132925
349 443875 132925
350 445600 132925
351 451875 132925
352 453600 132925
353 187875 132925
354 189600 132925
355 155725 133650
356 160000 133650
357 147725 133650
358 152000 133650
359 139725 133650
360 144000 133650
361 131875 132925
362 133600 132925
363 75875 132925
364 77600 132925
365 59875 132925
366 61600 132925
367 67875 132925
368 69600 132925
369 507725 99650
370 512000 99650
371 459875 98925
372 461600 98925
373 467875 98925
374 469600 98925
375 451875 98925
376 453600 98925
377 155875 98925
378 157600 98925
379 139725 99650
380 144000 99650
381 131875 98925
382 133600 98925
383 123725 99650
384 128000 99650
385 75875 98925
386 77600 98925
387 67875 98925
388 69600 98925
389 59875 98925
390 61600 98925
391 507725 65650
392 512000 65650
393 467875 64925
394 469600 64925
395 459875 64925
396 461600 64925
397 451875 64925
398 453600 64925
399 147725 65650
400 152000 65650
401 187875 64925
402 189600 64925
403 139875 64925
404 141600 64925
405 195725 65650
406 200000 65650
407 83875 64925
408 85600 64925
409 75875 64925
410 77600 64925
411 59875 64925
412 61600 64925
413 475875 30925
414 477600 30925
415 459875 30925
416 461600 30925
417 451875 30925
418 453600 30925
419 187875 30925
420 189600 30925
421 155725 31650
422 160000 31650
423 147725 31650
424 152000 31650
425 139875 30925
426 141600 30925
427 123725 31650
428 128000 31650
429 59875 30925
430 61600 30925
431 75875 30925
432 77600 30925
433 67875 30925
434 69600 30925
435 0 725
436 2000 725
437 4000 725
438 6000 725
439 8000 725
440 10000 725
441 12000 725
442 14000 725
443 16000 725
444 18000 725
445 20000 725
446 22000 725
447 24000 725
448 26000 725
449 28000 725
450 30000 725
451 32000 725
452 34000 725
453 36000 725
454 38000 725
455 40000 725
456 42000 725
457 44000 725
458 46000 725
459 0 2725
460 0 246725
461 0 262725
462 0 276725
463 0 432725
464 0 452725
465 2000 20725
466 2000 332725
467 2000 426725
468 2000 468725
469 2000 486725
470 2000 536725
471 4000 24725
472 4000 180725
473 4000 186725
474 4000 192725
475 4000 396725
476 4000 428725
477 4000 456725
478 4000 498725
479 6000 86725
480 6000 500725
481 8000 40725
482 8000 448725
483 10000 120725
484 10000 128725
485 10000 154725
486 10000 158725
487 36000 72725
488 36000 450725
489 38000 38725
490 38000 464725
491 40000 74725
492 40000 502725
493 42000 22725
494 42000 212725
495 42000 216725
496 42000 226725
497 42000 246725
498 42000 494725
499 44000 36725
500 44000 60725
501 44000 66725
502 44000 78725
503 44000 88725
504 44000 98725
505 44000 124725
506 44000 348725
507 44000 414725
508 44000 538725
509 46000 298725
510 46000 306725
511 46000 314725
512 46000 336725
513 46000 360725
514 46000 366725
515 46000 384725
516 46000 396725
517 46000 512725
518 925 4825
519 925 6825
520 925 8825
521 925 10825
522 925 12825
523 925 14825
524 925 16825
525 925 18825
526 925 20825
527 925 22825
528 925 24825
529 925 26825
530 925 28825
531 925 30825
532 925 32825
533 925 34825
534 925 36825
535 925 38825
536 925 40825
537 925 42825
538 925 44825
539 925 46825
540 925 48825
541 925 50825
542 925 52825
543 925 54825
544 925 56825
545 925 58825
546 925 60825
547 925 62825
548 925 64825
549 925 66825
550 925 68825
551 925 70825
552 925 72825
553 925 74825
554 925 76825
555 925 78825
556 925 80825
557 925 82825
558 925 84825
559 925 86825
560 925 88825
561 925 90825
562 925 92825
563 925 94825
564 925 96825
565 925 98825
566 925 100825
567 925 102825
568 925 104825
569 925 106825
570 925 108825
571 925 110825
572 925 112825
573 925 114825
574 925 116825
575 925 118825
576 925 120825
577 925 122825
578 925 124825
579 925 126825
580 925 128825
581 925 130825
582 925 132825
583 925 134825
584 925 136825
585 925 138825
586 925 140825
587 925 142825
588 925 144825
589 925 146825
590 925 148825
591 925 150825
592 925 152825
593 925 154825
594 925 156825
595 925 158825
596 925 160825
597 925 162825
598 925 164825
599 925 166825
600 925 168825
601 925 170825
602 925 172825
603 925 174825
604 925 176825
605 925 178825
606 925 180825
607 925 182825
608 925 184825
609 925 186825
610 925 188825
611 925 190825
612 925 192825
613 925 194825
614 925 196825
615 925 198825
616 925 200825
617 925 202825
618 925 204825
619 925 206825
620 925 208825
621 925 210825
622 925 212825
623 925 214825
624 925 216825
625 925 218825
626 925 220825
627 925 222825
628 925 224825
629 925 226825
630 925 228825
631 925 230825
632 925 232825
633 925 234825
634 925 236825
635 925 238825
636 925 240825
637 925 242825
638 925 248825
639 925 250825
640 925 252825
641 925 254825
642 925 256825
643 925 258825
644 925 278825
645 925 280825
646 925 282825
647 925 284825
648 925 286825
649 925 288825
650 925 290825
651 925 292825
652 925 296825
653 925 298825
654 925 300825
655 925 302825
656 925 304825
657 925 306825
658 925 308825
659 925 310825
660 925 312825
661 925 314825
662 925 316825
663 925 318825
664 925 320825
665 925 322825
666 925 324825
667 925 326825
668 925 328825
669 925 330825
670 925 332825
671 925 334825
672 925 336825
673 925 338825
674 925 340825
675 925 342825
676 925 344825
677 925 346825
678 925 348825
679 925 350825
680 925 352825
681 925 354825
682 925 356825
683 925 358825
684 925 360825
685 925 362825
686 925 364825
687 925 366825
688 925 368825
689 925 370825
690 925 372825
691 925 374825
692 925 376825
693 925 378825
694 925 380825
695 925 382825
696 925 384825
697 925 386825
698 925 388825
699 925 390825
700 925 392825
701 925 394825
702 925 396825
703 925 398825
704 925 400825
705 925 402825
706 925 404825
707 925 406825
708 925 408825
709 925 410825
710 925 412825
711 925 414825
712 925 416825
713 925 418825
714 925 420825
715 925 422825
716 925 424825
717 925 426825
718 925 428825
719 925 454825
720 925 456825
721 925 458825
722 925 460825
723 925 462825
724 925 464825
725 925 466825
726 925 468825
727 925 470825
728 925 472825
729 925 474825
730 925 476825
731 925 478825
732 925 480825
733 925 482825
734 925 484825
735 925 486825
736 925 488825
737 925 490825
738 925 492825
739 925 494825
740 925 496825
741 925 498825
742 925 500825
743 925 502825
744 925 504825
745 925 506825
746 925 508825
747 925 510825
748 925 512825
749 925 514825
750 925 516825
751 925 518825
752 925 520825
753 925 522825
754 925 524825
755 925 526825
756 925 528825
757 925 530825
758 925 532825
759 925 534825
760 925 536825
761 2925 2825
762 2925 22825
763 2925 24825
764 2925 26825
765 2925 28825
766 2925 30825
767 2925 32825
768 2925 34825
769 2925 36825
770 2925 38825
771 2925 40825
772 2925 42825
773 2925 44825
774 2925 46825
775 2925 48825
776 2925 50825
777 2925 52825
778 2925 54825
779 2925 56825
780 2925 58825
781 2925 60825
782 2925 62825
783 2925 64825
784 2925 66825
785 2925 68825
786 2925 70825
787 2925 72825
788 2925 74825
789 2925 76825
790 2925 78825
791 2925 80825
792 2925 82825
793 2925 84825
794 2925 86825
795 2925 88825
796 2925 90825
797 2925 92825
798 2925 94825
799 2925 96825
800 2925 98825
801 2925 100825
802 2925 102825
803 2925 104825
804 2925 106825
805 2925 108825
806 2925 110825
807 2925 112825
808 2925 114825
809 2925 116825
810 2925 118825
811 2925 120825
812 2925 122825
813 2925 124825
814 2925 126825
815 2925 128825
816 2925 130825
817 2925 132825
818 2925 134825
819 2925 136825
820 2925 138825
821 2925 140825
822 2925 142825
823 2925 144825
824 2925 146825
825 2925 148825
826 2925 150825
827 2925 152825
828 2925 154825
829 2925 156825
830 2925 158825
831 2925 160825
832 2925 162825
833 2925 164825
834 2925 166825
835 2925 168825
836 2925 170825
837 2925 172825
838 2925 174825
839 2925 176825
840 2925 178825
841 2925 180825
842 2925 182825
843 2925 184825
844 2925 186825
845 2925 188825
846 2925 190825
847 2925 192825
848 2925 194825
849 2925 196825
850 2925 198825
851 2925 200825
852 2925 202825
853 2925 204825
854 2925 206825
855 2925 208825
856 2925 210825
857 2925 212825
858 2925 214825
859 2925 216825
860 2925 218825
861 2925 220825
862 2925 222825
863 2925 224825
864 2925 226825
865 2925 228825
866 2925 230825
867 2925 232825
868 2925 234825
869 2925 236825
870 2925 238825
871 2925 240825
872 2925 242825
873 2925 244825
874 2925 246825
875 2925 248825
876 2925 250825
877 2925 252825
878 2925 254825
879 2925 256825
880 2925 258825
881 2925 260825
882 2925 262825
883 2925 264825
884 2925 266825
885 2925 268825
886 2925 270825
887 2925 272825
888 2925 274825
889 2925 276825
890 2925 278825
891 2925 280825
892 2925 282825
893 2925 284825
894 2925 286825
895 2925 288825
896 2925 290825
897 2925 292825
898 2925 294825
899 2925 296825
900 2925 298825
901 2925 300825
902 2925 302825
903 2925 304825
904 2925 306825
905 2925 308825
906 2925 310825
907 2925 312825
908 2925 314825
909 2925 316825
910 2925 318825
911 2925 320825
912 2925 322825
913 2925 324825
914 2925 326825
915 2925 328825
916 2925 336825
917 2925 366825
918 2925 396825
919 2925 428825
920 2925 430825
921 2925 432825
922 2925 434825
923 2925 436825
924 2925 438825
925 2925 440825
926 2925 442825
927 2925 444825
928 2925 446825
929 2925 448825
930 2925 450825
931 2925 452825
932 2925 454825
933 2925 456825
934 2925 458825
935 2925 460825
936 2925 462825
937 2925 464825
938 2925 488825
939 2925 490825
940 2925 492825
941 2925 494825
942 2925 496825
943 2925 498825
944 2925 500825
945 2925 502825
946 2925 504825
947 2925 506825
948 2925 508825
949 2925 510825
950 2925 512825
951 2925 514825
952 2925 516825
953 2925 518825
954 2925 520825
955 2925 522825
956 2925 524825
957 2925 526825
958 2925 528825
959 2925 530825
960 2925 532825
961 2925 538825
962 4925 2825
963 4925 20825
964 4925 26825
965 4925 28825
966 4925 30825
967 4925 32825
968 4925 34825
969 4925 36825
970 4925 38825
971 4925 40825
972 4925 42825
973 4925 44825
974 4925 46825
975 4925 48825
976 4925 50825
977 4925 52825
978 4925 54825
979 4925 56825
980 4925 58825
981 4925 60825
982 4925 62825
983 4925 64825
984 4925 66825
985 4925 68825
986 4925 70825
987 4925 72825
988 4925 74825
989 4925 76825
990 4925 78825
991 4925 80825
992 4925 82825
993 4925 84825
994 4925 86825
995 4925 88825
996 4925 90825
997 4925 92825
998 4925 94825
999 4925 96825
1000 4925 98825
1001 4925 100825
1002 4925 102825
1003 4925 104825
1004 4925 106825
1005 4925 108825
1006 4925 110825
1007 4925 112825
1008 4925 114825
1009 4925 116825
1010 4925 118825
1011 4925 120825
1012 4925 122825
1013 4925 124825
1014 4925 126825
1015 4925 128825
1016 4925 130825
1017 4925 132825
1018 4925 134825
1019 4925 136825
1020 4925 138825
1021 4925 140825
1022 4925 142825
1023 4925 144825
1024 4925 146825
1025 4925 148825
1026 4925 150825
1027 4925 152825
1028 4925 154825
1029 4925 156825
1030 4925 158825
1031 4925 160825
1032 4925 162825
1033 4925 164825
1034 4925 166825
1035 4925 168825
1036 4925 170825
1037 4925 172825
1038 4925 174825
1039 4925 176825
1040 4925 188825
1041 4925 216825
1042 4925 244825
1043 4925 260825
1044 4925 294825
1045 4925 306825
1046 4925 330825
1047 4925 336825
1048 4925 366825
1049 4925 398825
1050 4925 400825
1051 4925 402825
1052 4925 404825
1053 4925 406825
1054 4925 408825
1055 4925 410825
1056 4925 412825
1057 4925 414825
1058 4925 416825
1059 4925 418825
1060 4925 420825
1061 4925 422825
1062 4925 424825
1063 4925 430825
1064 4925 452825
1065 4925 458825
1066 4925 460825
1067 4925 462825
1068 4925 464825
1069 4925 466825
1070 4925 468825
1071 4925 470825
1072 4925 472825
1073 4925 474825
1074 4925 476825
1075 4925 478825
1076 4925 480825
1077 4925 482825
1078 4925 484825
1079 4925 486825
1080 4925 488825
1081 4925 490825
1082 4925 492825
1083 4925 494825
1084 4925 510825
1085 4925 534825
1086 4925 538825
1087 6925 2825
1088 6925 20825
1089 6925 24825
1090 6925 36825
1091 6925 66825
1092 6925 88825
1093 6925 90825
1094 6925 92825
1095 6925 94825
1096 6925 96825
1097 6925 98825
1098 6925 100825
1099 6925 102825
1100 6925 104825
1101 6925 106825
1102 6925 108825
1103 6925 110825
1104 6925 112825
1105 6925 114825
1106 6925 116825
1107 6925 118825
1108 6925 120825
1109 6925 122825
1110 6925 124825
1111 6925 126825
1112 6925 128825
1113 6925 130825
1114 6925 132825
1115 6925 134825
1116 6925 136825
1117 6925 138825
1118 6925 142825
1119 6925 144825
1120 6925 146825
1121 6925 148825
1122 6925 150825
1123 6925 152825
1124 6925 154825
1125 6925 156825
1126 6925 158825
1127 6925 160825
1128 6925 162825
1129 6925 164825
1130 6925 166825
1131 6925 168825
1132 6925 170825
1133 6925 172825
1134 6925 174825
1135 6925 176825
1136 6925 178825
1137 6925 180825
1138 6925 182825
1139 6925 184825
1140 6925 186825
1141 6925 188825
1142 6925 190825
1143 6925 192825
1144 6925 194825
1145 6925 196825
1146 6925 198825
1147 6925 200825
1148 6925 202825
1149 6925 204825
1150 6925 206825
1151 6925 208825
1152 6925 210825
1153 6925 212825
1154 6925 214825
1155 6925 216825
1156 6925 218825
1157 6925 220825
1158 6925 222825
1159 6925 224825
1160 6925 226825
1161 6925 228825
1162 6925 230825
1163 6925 232825
1164 6925 234825
1165 6925 236825
1166 6925 238825
1167 6925 240825
1168 6925 242825
1169 6925 244825
1170 6925 246825
1171 6925 248825
1172 6925 250825
1173 6925 252825
1174 6925 254825
1175 6925 256825
1176 6925 258825
1177 6925 260825
1178 6925 264825
1179 6925 266825
1180 6925 268825
1181 6925 270825
1182 6925 272825
1183 6925 274825
1184 6925 276825
1185 6925 278825
1186 6925 280825
1187 6925 282825
1188 6925 284825
1189 6925 286825
1190 6925 288825
1191 6925 290825
1192 6925 292825
1193 6925 294825
1194 6925 296825
1195 6925 298825
1196 6925 300825
1197 6925 302825
1198 6925 304825
1199 6925 306825
1200 6925 308825
1201 6925 310825
1202 6925 312825
1203 6925 314825
1204 6925 316825
1205 6925 318825
1206 6925 320825
1207 6925 322825
1208 6925 324825
1209 6925 326825
1210 6925 328825
1211 6925 330825
1212 6925 332825
1213 6925 334825
1214 6925 336825
1215 6925 338825
1216 6925 340825
1217 6925 342825
1218 6925 344825
1219 6925 346825
1220 6925 348825
1221 6925 350825
1222 6925 352825
1223 6925 354825
1224 6925 356825
1225 6925 358825
1226 6925 360825
1227 6925 362825
1228 6925 364825
1229 6925 366825
1230 6925 368825
1231 6925 370825
1232 6925 372825
1233 6925 374825
1234 6925 376825
1235 6925 378825
1236 6925 380825
1237 6925 382825
1238 6925 384825
1239 6925 388825
1240 6925 390825
1241 6925 392825
1242 6925 394825
1243 6925 396825
1244 6925 398825
1245 6925 400825
1246 6925 402825
1247 6925 404825
1248 6925 406825
1249 6925 408825
1250 6925 410825
1251 6925 412825
1252 6925 414825
1253 6925 416825
1254 6925 418825
1255 6925 420825
1256 6925 422825
1257 6925 424825
1258 6925 426825
1259 6925 428825
1260 6925 430825
1261 6925 432825
1262 6925 434825
1263 6925 436825
1264 6925 438825
1265 6925 440825
1266 6925 442825
1267 6925 444825
1268 6925 446825
1269 6925 448825
1270 6925 450825
1271 6925 452825
1272 6925 454825
1273 6925 456825
1274 6925 458825
1275 6925 460825
1276 6925 462825
1277 6925 466825
1278 6925 468825
1279 6925 470825
1280 6925 472825
1281 6925 474825
1282 6925 476825
1283 6925 478825
1284 6925 480825
1285 6925 482825
1286 6925 484825
1287 6925 486825
1288 6925 488825
1289 6925 490825
1290 6925 492825
1291 6925 494825
1292 6925 496825
1293 6925 510825
1294 6925 534825
1295 6925 538825
1296 8925 2825
1297 8925 20825
1298 8925 24825
1299 8925 36825
1300 8925 42825
1301 8925 44825
1302 8925 46825
1303 8925 48825
1304 8925 50825
1305 8925 52825
1306 8925 54825
1307 8925 56825
1308 8925 58825
1309 8925 60825
1310 8925 62825
1311 8925 64825
1312 8925 66825
1313 8925 68825
1314 8925 70825
1315 8925 72825
1316 8925 74825
1317 8925 76825
1318 8925 80825
1319 8925 82825
1320 8925 84825
1321 8925 86825
1322 8925 88825
1323 8925 90825
1324 8925 92825
1325 8925 94825
1326 8925 96825
1327 8925 98825
1328 8925 100825
1329 8925 102825
1330 8925 104825
1331 8925 106825
1332 8925 108825
1333 8925 110825
1334 8925 112825
1335 8925 114825
1336 8925 116825
1337 8925 118825
1338 8925 120825
1339 8925 122825
1340 8925 124825
1341 8925 126825
1342 8925 128825
1343 8925 130825
1344 8925 132825
1345 8925 134825
1346 8925 136825
1347 8925 138825
1348 8925 140825
1349 8925 142825
1350 8925 144825
1351 8925 146825
1352 8925 148825
1353 8925 150825
1354 8925 152825
1355 8925 154825
1356 8925 156825
1357 8925 158825
1358 8925 160825
1359 8925 162825
1360 8925 164825
1361 8925 166825
1362 8925 168825
1363 8925 170825
1364 8925 172825
1365 8925 174825
1366 8925 176825
1367 8925 178825
1368 8925 180825
1369 8925 182825
1370 8925 184825
1371 8925 186825
1372 8925 188825
1373 8925 190825
1374 8925 192825
1375 8925 196825
1376 8925 198825
1377 8925 200825
1378 8925 202825
1379 8925 204825
1380 8925 206825
1381 8925 208825
1382 8925 210825
1383 8925 212825
1384 8925 214825
1385 8925 216825
1386 8925 218825
1387 8925 220825
1388 8925 222825
1389 8925 224825
1390 8925 226825
1391 8925 228825
1392 8925 230825
1393 8925 232825
1394 8925 234825
1395 8925 236825
1396 8925 238825
1397 8925 240825
1398 8925 242825
1399 8925 244825
1400 8925 246825
1401 8925 248825
1402 8925 250825
1403 8925 252825
1404 8925 254825
1405 8925 256825
1406 8925 258825
1407 8925 260825
1408 8925 262825
1409 8925 264825
1410 8925 266825
1411 8925 268825
1412 8925 270825
1413 8925 272825
1414 8925 274825
1415 8925 276825
1416 8925 278825
1417 8925 280825
1418 8925 282825
1419 8925 284825
1420 8925 286825
1421 8925 288825
1422 8925 290825
1423 8925 292825
1424 8925 294825
1425 8925 296825
1426 8925 298825
1427 8925 300825
1428 8925 302825
1429 8925 304825
1430 8925 306825
1431 8925 308825
1432 8925 310825
1433 8925 312825
1434 8925 314825
1435 8925 316825
1436 8925 318825
1437 8925 320825
1438 8925 322825
1439 8925 324825
1440 8925 326825
1441 8925 330825
1442 8925 332825
1443 8925 334825
1444 8925 336825
1445 8925 338825
1446 8925 340825
1447 8925 342825
1448 8925 344825
1449 8925 346825
1450 8925 348825
1451 8925 350825
1452 8925 352825
1453 8925 354825
1454 8925 356825
1455 8925 358825
1456 8925 360825
1457 8925 364825
1458 8925 366825
1459 8925 368825
1460 8925 370825
1461 8925 372825
1462 8925 374825
1463 8925 376825
1464 8925 378825
1465 8925 380825
1466 8925 382825
1467 8925 384825
1468 8925 386825
1469 8925 388825
1470 8925 390825
1471 8925 392825
1472 8925 394825
1473 8925 396825
1474 8925 398825
1475 8925 400825
1476 8925 402825
1477 8925 404825
1478 8925 406825
1479 8925 408825
1480 8925 410825
1481 8925 412825
1482 8925 414825
1483 8925 416825
1484 8925 418825
1485 8925 420825
1486 8925 422825
1487 8925 424825
1488 8925 426825
1489 8925 428825
1490 8925 430825
1491 8925 432825
1492 8925 434825
1493 8925 436825
1494 8925 438825
1495 8925 440825
1496 8925 442825
1497 8925 444825
1498 8925 452825
1499 8925 464825
1500 8925 466825
1501 8925 496825
1502 8925 498825
1503 8925 510825
1504 8925 534825
1505 8925 538825
1506 10925 2825
1507 10925 20825
1508 10925 24825
1509 10925 36825
1510 10925 40825
1511 10925 66825
1512 10925 78825
1513 10925 86825
1514 10925 96825
1515 10925 122825
1516 10925 124825
1517 10925 140825
1518 10925 178825
1519 10925 190825
1520 10925 194825
1521 10925 216825
1522 10925 244825
1523 10925 260825
1524 10925 262825
1525 10925 294825
1526 10925 306825
1527 10925 328825
1528 10925 330825
1529 10925 336825
1530 10925 362825
1531 10925 366825
1532 10925 386825
1533 10925 426825
1534 10925 430825
1535 10925 446825
1536 10925 452825
1537 10925 464825
1538 10925 466825
1539 10925 496825
1540 10925 498825
1541 10925 510825
1542 10925 534825
1543 10925 538825
1544 12925 2825
1545 12925 20825
1546 12925 24825
1547 12925 36825
1548 12925 40825
1549 12925 66825
1550 12925 78825
1551 12925 86825
1552 12925 96825
1553 12925 120825
1554 12925 140825
1555 12925 154825
1556 12925 178825
1557 12925 190825
1558 12925 194825
1559 12925 216825
1560 12925 244825
1561 12925 260825
1562 12925 262825
1563 12925 294825
1564 12925 306825
1565 12925 328825
1566 12925 330825
1567 12925 336825
1568 12925 362825
1569 12925 366825
1570 12925 386825
1571 12925 426825
1572 12925 430825
1573 12925 446825
1574 12925 452825
1575 12925 464825
1576 12925 466825
1577 12925 496825
1578 12925 498825
1579 12925 510825
1580 12925 534825
1581 12925 538825
1582 14925 2825
1583 14925 20825
1584 14925 24825
1585 14925 36825
1586 14925 40825
1587 14925 66825
1588 14925 78825
1589 14925 86825
1590 14925 96825
1591 14925 120825
1592 14925 140825
1593 14925 154825
1594 14925 178825
1595 14925 190825
1596 14925 194825
1597 14925 216825
1598 14925 244825
1599 14925 260825
1600 14925 262825
1601 14925 294825
1602 14925 306825
1603 14925 328825
1604 14925 330825
1605 14925 336825
1606 14925 362825
1607 14925 366825
1608 14925 386825
1609 14925 426825
1610 14925 430825
1611 14925 446825
1612 14925 452825
1613 14925 464825
1614 14925 466825
1615 14925 496825
1616 14925 498825
1617 14925 510825
1618 14925 534825
1619 14925 538825
1620 16925 2825
1621 16925 20825
1622 16925 24825
1623 16925 36825
1624 16925 40825
1625 16925 66825
1626 16925 78825
1627 16925 86825
1628 16925 96825
1629 16925 120825
1630 16925 140825
1631 16925 154825
1632 16925 178825
1633 16925 190825
1634 16925 194825
1635 16925 216825
1636 16925 244825
1637 16925 260825
1638 16925 262825
1639 16925 294825
1640 16925 306825
1641 16925 328825
1642 16925 330825
1643 16925 336825
1644 16925 362825
1645 16925 366825
1646 16925 386825
1647 16925 426825
1648 16925 430825
1649 16925 446825
1650 16925 452825
1651 16925 464825
1652 16925 466825
1653 16925 496825
1654 16925 498825
1655 16925 510825
1656 16925 534825
1657 16925 538825
1658 18925 2825
1659 18925 20825
1660 18925 24825
1661 18925 36825
1662 18925 40825
1663 18925 66825
1664 18925 78825
1665 18925 86825
1666 18925 96825
1667 18925 120825
1668 18925 140825
1669 18925 154825
1670 18925 178825
1671 18925 190825
1672 18925 194825
1673 18925 216825
1674 18925 244825
1675 18925 260825
1676 18925 262825
1677 18925 294825
1678 18925 306825
1679 18925 328825
1680 18925 330825
1681 18925 336825
1682 18925 362825
1683 18925 366825
1684 18925 386825
1685 18925 426825
1686 18925 430825
1687 18925 446825
1688 18925 452825
1689 18925 464825
1690 18925 466825
1691 18925 496825
1692 18925 498825
1693 18925 510825
1694 18925 534825
1695 18925 538825
1696 20925 2825
1697 20925 20825
1698 20925 24825
1699 20925 36825
1700 20925 40825
1701 20925 66825
1702 20925 78825
1703 20925 86825
1704 20925 96825
1705 20925 120825
1706 20925 140825
1707 20925 154825
1708 20925 178825
1709 20925 190825
1710 20925 194825
1711 20925 216825
1712 20925 244825
1713 20925 260825
1714 20925 262825
1715 20925 294825
1716 20925 306825
1717 20925 328825
1718 20925 330825
1719 20925 336825
1720 20925 362825
1721 20925 366825
1722 20925 386825
1723 20925 426825
1724 20925 430825
1725 20925 446825
1726 20925 452825
1727 20925 464825
1728 20925 466825
1729 20925 496825
1730 20925 498825
1731 20925 510825
1732 20925 534825
1733 20925 538825
1734 22925 2825
1735 22925 20825
1736 22925 24825
1737 22925 36825
1738 22925 40825
1739 22925 66825
1740 22925 78825
1741 22925 86825
1742 22925 96825
1743 22925 120825
1744 22925 140825
1745 22925 154825
1746 22925 178825
1747 22925 190825
1748 22925 194825
1749 22925 216825
1750 22925 244825
1751 22925 260825
1752 22925 262825
1753 22925 294825
1754 22925 306825
1755 22925 328825
1756 22925 330825
1757 22925 336825
1758 22925 362825
1759 22925 366825
1760 22925 386825
1761 22925 426825
1762 22925 430825
1763 22925 446825
1764 22925 452825
1765 22925 464825
1766 22925 466825
1767 22925 496825
1768 22925 498825
1769 22925 510825
1770 22925 534825
1771 22925 538825
1772 24925 2825
1773 24925 20825
1774 24925 24825
1775 24925 36825
1776 24925 40825
1777 24925 66825
1778 24925 78825
1779 24925 86825
1780 24925 96825
1781 24925 120825
1782 24925 140825
1783 24925 154825
1784 24925 178825
1785 24925 190825
1786 24925 194825
1787 24925 216825
1788 24925 244825
1789 24925 260825
1790 24925 262825
1791 24925 294825
1792 24925 306825
1793 24925 328825
1794 24925 330825
1795 24925 336825
1796 24925 362825
1797 24925 366825
1798 24925 386825
1799 24925 426825
1800 24925 430825
1801 24925 446825
1802 24925 452825
1803 24925 464825
1804 24925 466825
1805 24925 496825
1806 24925 498825
1807 24925 510825
1808 24925 534825
1809 24925 538825
1810 26925 2825
1811 26925 20825
1812 26925 24825
1813 26925 36825
1814 26925 40825
1815 26925 66825
1816 26925 78825
1817 26925 86825
1818 26925 96825
1819 26925 120825
1820 26925 140825
1821 26925 154825
1822 26925 178825
1823 26925 190825
1824 26925 194825
1825 26925 216825
1826 26925 244825
1827 26925 260825
1828 26925 262825
1829 26925 294825
1830 26925 306825
1831 26925 328825
1832 26925 330825
1833 26925 336825
1834 26925 362825
1835 26925 366825
1836 26925 386825
1837 26925 426825
1838 26925 430825
1839 26925 446825
1840 26925 452825
1841 26925 464825
1842 26925 466825
1843 26925 496825
1844 26925 498825
1845 26925 510825
1846 26925 534825
1847 26925 538825
1848 28925 2825
1849 28925 20825
1850 28925 24825
1851 28925 36825
1852 28925 40825
1853 28925 66825
1854 28925 78825
1855 28925 86825
1856 28925 96825
1857 28925 120825
1858 28925 140825
1859 28925 154825
1860 28925 178825
1861 28925 190825
1862 28925 194825
1863 28925 216825
1864 28925 244825
1865 28925 260825
1866 28925 262825
1867 28925 294825
1868 28925 306825
1869 28925 328825
1870 28925 330825
1871 28925 336825
1872 28925 362825
1873 28925 366825
1874 28925 386825
1875 28925 426825
1876 28925 430825
1877 28925 446825
1878 28925 452825
1879 28925 464825
1880 28925 466825
1881 28925 496825
1882 28925 498825
1883 28925 510825
1884 28925 534825
1885 28925 538825
1886 30925 2825
1887 30925 20825
1888 30925 24825
1889 30925 36825
1890 30925 40825
1891 30925 66825
1892 30925 78825
1893 30925 86825
1894 30925 96825
1895 30925 120825
1896 30925 140825
1897 30925 154825
1898 30925 178825
1899 30925 190825
1900 30925 194825
1901 30925 216825
1902 30925 244825
1903 30925 260825
1904 30925 262825
1905 30925 294825
1906 30925 306825
1907 30925 328825
1908 30925 330825
1909 30925 336825
1910 30925 362825
1911 30925 366825
1912 30925 386825
1913 30925 426825
1914 30925 430825
1915 30925 446825
1916 30925 452825
1917 30925 464825
1918 30925 466825
1919 30925 496825
1920 30925 498825
1921 30925 510825
1922 30925 534825
1923 30925 538825
1924 32925 2825
1925 32925 20825
1926 32925 24825
1927 32925 36825
1928 32925 40825
1929 32925 66825
1930 32925 78825
1931 32925 86825
1932 32925 96825
1933 32925 120825
1934 32925 140825
1935 32925 154825
1936 32925 178825
1937 32925 190825
1938 32925 194825
1939 32925 216825
1940 32925 244825
1941 32925 260825
1942 32925 262825
1943 32925 294825
1944 32925 306825
1945 32925 328825
1946 32925 330825
1947 32925 336825
1948 32925 362825
1949 32925 366825
1950 32925 386825
1951 32925 426825
1952 32925 430825
1953 32925 446825
1954 32925 452825
1955 32925 464825
1956 32925 466825
1957 32925 496825
1958 32925 498825
1959 32925 510825
1960 32925 534825
1961 32925 538825
1962 34925 2825
1963 34925 20825
1964 34925 24825
1965 34925 36825
1966 34925 40825
1967 34925 66825
1968 34925 78825
1969 34925 86825
1970 34925 96825
1971 34925 120825
1972 34925 140825
1973 34925 154825
1974 34925 178825
1975 34925 190825
1976 34925 194825
1977 34925 216825
1978 34925 244825
1979 34925 260825
1980 34925 262825
1981 34925 294825
1982 34925 306825
1983 34925 328825
1984 34925 330825
1985 34925 336825
1986 34925 362825
1987 34925 366825
1988 34925 386825
1989 34925 426825
1990 34925 430825
1991 34925 446825
1992 34925 452825
1993 34925 464825
1994 34925 466825
1995 34925 496825
1996 34925 498825
1997 34925 510825
1998 34925 534825
1999 34925 538825
2000 36925 2825
2001 36925 20825
2002 36925 24825
2003 36925 36825
2004 36925 40825
2005 36925 66825
2006 36925 74825
2007 36925 76825
2008 36925 78825
2009 36925 80825
2010 36925 82825
2011 36925 84825
2012 36925 86825
2013 36925 88825
2014 36925 90825
2015 36925 92825
2016 36925 94825
2017 36925 96825
2018 36925 98825
2019 36925 100825
2020 36925 102825
2021 36925 104825
2022 36925 106825
2023 36925 108825
2024 36925 110825
2025 36925 112825
2026 36925 114825
2027 36925 116825
2028 36925 118825
2029 36925 120825
2030 36925 122825
2031 36925 124825
2032 36925 126825
2033 36925 128825
2034 36925 130825
2035 36925 132825
2036 36925 134825
2037 36925 136825
2038 36925 138825
2039 36925 140825
2040 36925 142825
2041 36925 144825
2042 36925 146825
2043 36925 148825
2044 36925 150825
2045 36925 152825
2046 36925 154825
2047 36925 156825
2048 36925 158825
2049 36925 160825
2050 36925 162825
2051 36925 164825
2052 36925 166825
2053 36925 168825
2054 36925 170825
2055 36925 172825
2056 36925 176825
2057 36925 178825
2058 36925 180825
2059 36925 182825
2060 36925 184825
2061 36925 186825
2062 36925 188825
2063 36925 190825
2064 36925 192825
2065 36925 194825
2066 36925 196825
2067 36925 198825
2068 36925 200825
2069 36925 202825
2070 36925 204825
2071 36925 206825
2072 36925 208825
2073 36925 210825
2074 36925 212825
2075 36925 214825
2076 36925 216825
2077 36925 218825
2078 36925 220825
2079 36925 222825
2080 36925 224825
2081 36925 226825
2082 36925 228825
2083 36925 230825
2084 36925 232825
2085 36925 234825
2086 36925 236825
2087 36925 238825
2088 36925 240825
2089 36925 242825
2090 36925 244825
2091 36925 246825
2092 36925 248825
2093 36925 250825
2094 36925 252825
2095 36925 254825
2096 36925 256825
2097 36925 258825
2098 36925 260825
2099 36925 262825
2100 36925 264825
2101 36925 266825
2102 36925 268825
2103 36925 270825
2104 36925 272825
2105 36925 274825
2106 36925 276825
2107 36925 278825
2108 36925 280825
2109 36925 282825
2110 36925 284825
2111 36925 288825
2112 36925 290825
2113 36925 292825
2114 36925 294825
2115 36925 296825
2116 36925 298825
2117 36925 300825
2118 36925 302825
2119 36925 304825
2120 36925 306825
2121 36925 308825
2122 36925 310825
2123 36925 312825
2124 36925 314825
2125 36925 316825
2126 36925 318825
2127 36925 320825
2128 36925 322825
2129 36925 324825
2130 36925 326825
2131 36925 328825
2132 36925 330825
2133 36925 332825
2134 36925 334825
2135 36925 336825
2136 36925 338825
2137 36925 340825
2138 36925 342825
2139 36925 344825
2140 36925 346825
2141 36925 348825
2142 36925 350825
2143 36925 352825
2144 36925 354825
2145 36925 356825
2146 36925 358825
2147 36925 360825
2148 36925 362825
2149 36925 364825
2150 36925 366825
2151 36925 368825
2152 36925 370825
2153 36925 372825
2154 36925 374825
2155 36925 376825
2156 36925 378825
2157 36925 380825
2158 36925 382825
2159 36925 384825
2160 36925 386825
2161 36925 388825
2162 36925 390825
2163 36925 392825
2164 36925 394825
2165 36925 396825
2166 36925 398825
2167 36925 400825
2168 36925 402825
2169 36925 404825
2170 36925 406825
2171 36925 408825
2172 36925 410825
2173 36925 412825
2174 36925 414825
2175 36925 416825
2176 36925 418825
2177 36925 420825
2178 36925 422825
2179 36925 424825
2180 36925 426825
2181 36925 428825
2182 36925 430825
2183 36925 432825
2184 36925 434825
2185 36925 436825
2186 36925 438825
2187 36925 440825
2188 36925 442825
2189 36925 444825
2190 36925 446825
2191 36925 452825
2192 36925 464825
2193 36925 466825
2194 36925 496825
2195 36925 498825
2196 36925 510825
2197 36925 534825
2198 36925 538825
2199 38925 2825
2200 38925 20825
2201 38925 24825
2202 38925 36825
2203 38925 40825
2204 38925 42825
2205 38925 44825
2206 38925 46825
2207 38925 48825
2208 38925 50825
2209 38925 52825
2210 38925 54825
2211 38925 56825
2212 38925 58825
2213 38925 60825
2214 38925 62825
2215 38925 64825
2216 38925 66825
2217 38925 68825
2218 38925 70825
2219 38925 72825
2220 38925 74825
2221 38925 76825
2222 38925 78825
2223 38925 80825
2224 38925 82825
2225 38925 84825
2226 38925 86825
2227 38925 88825
2228 38925 90825
2229 38925 94825
2230 38925 96825
2231 38925 98825
2232 38925 100825
2233 38925 102825
2234 38925 104825
2235 38925 106825
2236 38925 108825
2237 38925 110825
2238 38925 112825
2239 38925 114825
2240 38925 116825
2241 38925 118825
2242 38925 120825
2243 38925 122825
2244 38925 124825
2245 38925 126825
2246 38925 128825
2247 38925 130825
2248 38925 132825
2249 38925 134825
2250 38925 136825
2251 38925 138825
2252 38925 140825
2253 38925 142825
2254 38925 144825
2255 38925 146825
2256 38925 148825
2257 38925 150825
2258 38925 152825
2259 38925 154825
2260 38925 158825
2261 38925 160825
2262 38925 162825
2263 38925 164825
2264 38925 166825
2265 38925 168825
2266 38925 170825
2267 38925 172825
2268 38925 174825
2269 38925 176825
2270 38925 178825
2271 38925 180825
2272 38925 182825
2273 38925 184825
2274 38925 186825
2275 38925 188825
2276 38925 190825
2277 38925 192825
2278 38925 194825
2279 38925 196825
2280 38925 198825
2281 38925 200825
2282 38925 202825
2283 38925 204825
2284 38925 206825
2285 38925 208825
2286 38925 210825
2287 38925 212825
2288 38925 214825
2289 38925 216825
2290 38925 218825
2291 38925 220825
2292 38925 222825
2293 38925 224825
2294 38925 226825
2295 38925 230825
2296 38925 232825
2297 38925 234825
2298 38925 236825
2299 38925 238825
2300 38925 240825
2301 38925 242825
2302 38925 244825
2303 38925 246825
2304 38925 248825
2305 38925 250825
2306 38925 252825
2307 38925 254825
2308 38925 256825
2309 38925 258825
2310 38925 260825
2311 38925 262825
2312 38925 264825
2313 38925 266825
2314 38925 268825
2315 38925 270825
2316 38925 272825
2317 38925 274825
2318 38925 276825
2319 38925 278825
2320 38925 280825
2321 38925 282825
2322 38925 284825
2323 38925 286825
2324 38925 288825
2325 38925 290825
2326 38925 294825
2327 38925 296825
2328 38925 298825
2329 38925 300825
2330 38925 302825
2331 38925 304825
2332 38925 306825
2333 38925 308825
2334 38925 310825
2335 38925 312825
2336 38925 314825
2337 38925 316825
2338 38925 318825
2339 38925 320825
2340 38925 322825
2341 38925 324825
2342 38925 326825
2343 38925 328825
2344 38925 330825
2345 38925 332825
2346 38925 334825
2347 38925 336825
2348 38925 338825
2349 38925 340825
2350 38925 342825
2351 38925 344825
2352 38925 346825
2353 38925 348825
2354 38925 350825
2355 38925 352825
2356 38925 354825
2357 38925 356825
2358 38925 358825
2359 38925 360825
2360 38925 362825
2361 38925 364825
2362 38925 366825
2363 38925 368825
2364 38925 370825
2365 38925 372825
2366 38925 374825
2367 38925 376825
2368 38925 378825
2369 38925 380825
2370 38925 382825
2371 38925 384825
2372 38925 386825
2373 38925 388825
2374 38925 390825
2375 38925 392825
2376 38925 394825
2377 38925 396825
2378 38925 398825
2379 38925 400825
2380 38925 402825
2381 38925 404825
2382 38925 406825
2383 38925 408825
2384 38925 410825
2385 38925 412825
2386 38925 414825
2387 38925 416825
2388 38925 418825
2389 38925 420825
2390 38925 422825
2391 38925 424825
2392 38925 426825
2393 38925 428825
2394 38925 430825
2395 38925 432825
2396 38925 434825
2397 38925 436825
2398 38925 438825
2399 38925 440825
2400 38925 442825
2401 38925 444825
2402 38925 446825
2403 38925 448825
2404 38925 450825
2405 38925 452825
2406 38925 454825
2407 38925 456825
2408 38925 458825
2409 38925 460825
2410 38925 464825
2411 38925 466825
2412 38925 496825
2413 38925 498825
2414 38925 510825
2415 38925 534825
2416 38925 538825
2417 40925 2825
2418 40925 20825
2419 40925 24825
2420 40925 36825
2421 40925 38825
2422 40925 40825
2423 40925 66825
2424 40925 72825
2425 40925 76825
2426 40925 78825
2427 40925 80825
2428 40925 82825
2429 40925 84825
2430 40925 86825
2431 40925 88825
2432 40925 90825
2433 40925 92825
2434 40925 94825
2435 40925 96825
2436 40925 98825
2437 40925 100825
2438 40925 102825
2439 40925 104825
2440 40925 106825
2441 40925 108825
2442 40925 110825
2443 40925 112825
2444 40925 114825
2445 40925 116825
2446 40925 118825
2447 40925 120825
2448 40925 122825
2449 40925 124825
2450 40925 126825
2451 40925 128825
2452 40925 130825
2453 40925 132825
2454 40925 134825
2455 40925 136825
2456 40925 138825
2457 40925 140825
2458 40925 142825
2459 40925 144825
2460 40925 146825
2461 40925 148825
2462 40925 150825
2463 40925 152825
2464 40925 154825
2465 40925 156825
2466 40925 158825
2467 40925 162825
2468 40925 164825
2469 40925 166825
2470 40925 168825
2471 40925 170825
2472 40925 172825
2473 40925 174825
2474 40925 176825
2475 40925 178825
2476 40925 180825
2477 40925 182825
2478 40925 184825
2479 40925 186825
2480 40925 188825
2481 40925 190825
2482 40925 192825
2483 40925 194825
2484 40925 196825
2485 40925 198825
2486 40925 200825
2487 40925 202825
2488 40925 204825
2489 