NAME: si1032
TYPE: TSP (M.~Hofmeister)
DIMENSION: 1032
EDGE_WEIGHT_TYPE: EXPLICIT
EDGE_WEIGHT_FORMAT: UPPER_DIAG_ROW
DISPLAY_DATA_TYPE: NO_DISPLAY
EDGE_WEIGHT_SECTION
 0 86 107 115 115 115 136 136 136 152 152 152 169 169 169 180 180
 180 193 193 193 206 206 206 217 217 217 228 228 228 240 240 240
 251 251 251 466 466 466 473 473 473 479 479 479 486 486 486 492
 492 492 499 499 499 505 505 505 512 512 512 518 518 518 525 525
 525 531 531 531 537 537 537 120 126 132 120 126 132 136 136 136
 152 152 152 169 169 169 180 180 180 193 193 193 206 206 206 217
 217 217 228 228 228 240 240 240 251 251 251 466 466 466 473 473
 473 479 479 479 486 486 486 492 492 492 499 499 499 505 505 505
 512 512 512 518 518 518 525 525 525 531 531 531 537 537 537 143
 154 163 169 143 154 163 169 143 154 163 169 152 154 163 169 169
 169 169 169 180 180 180 180 193 193 193 193 206 206 206 206 217
 217 217 217 228 228 228 228 240 240 240 240 251 251 251 251 466
 466 466 466 473 473 473 473 479 479 479 479 486 486 486 486 492
 492 492 492 499 499 499 499 505 505 505 505 512 512 512 512 518
 518 518 518 525 525 525 525 531 531 531 531 537 537 537 537 175
 181 187 193 175 181 187 193 175 181 187 193 175 181 187 193 175
 181 187 193 180 181 187 193 193 193 193 193 206 206 206 206 217
 217 217 217 228 228 228 228 240 240 240 240 251 251 251 251 466
 466 466 466 473 473 473 473 479 479 479 479 486 486 486 486 492
 492 492 492 499 499 499 499 505 505 505 505 512 512 512 512 518
 518 518 518 525 525 525 525 531 531 531 531 537 537 537 537 199
 205 210 199 205 210 199 205 210 199 205 210 199 205 210 199 205
 210 199 205 210 206 206 210 217 217 217 228 228 228 240 240 240
 251 251 251 466 466 466 473 473 473 479 479 479 486 486 486 492
 492 492 499 499 499 505 505 505 512 512 512 518 518 518 525 525
 525 531 531 531 537 537 537 505 251 217 466 473 213 479 213 486
 492 213 240 213 499 525 213 537 213 531 213 228 518 213 512 486
 492 525 505 512 473 531 499 466 537 251 240 479 518 218 218 218
 218 218 218 218 218 218 228 224 525 486 531 224 224 512 537 224
 499 228 224 492 518 505 479 466 473 251 224 224 224 240 224 229
 518 240 229 537 229 486 251 229 229 531 525 229 229 466 229 492
 499 479 473 505 229 229 512 240 492 251 466 473 479 486 531 499
 505 512 518 525 537 235 235 235 235 235 235 235 235 235 235 531
 240 525 499 240 240 512 240 505 537 518 466 240 240 240 240 251
 240 240 473 479 240 486 492 512 486 489 492 495 499 502 505 508
 534 515 518 521 525 528 531 537 476 482 479 474 474 474 474 474
 474 474 474 474 474 474 474 474 474 474 474 474 474 474 474 480
 489 486 482 480 480 480 480 480 480 495 492 531 499 502 505 508
 515 518 521 525 528 480 534 537 480 512 480 480 480 480 480 480
 480 480 480 480 480 480 480 537 486 508 486 512 515 486 486 518
 531 521 525 534 486 528 486 505 486 486 486 486 502 486 486 486
 486 486 486 486 486 492 486 486 495 486 499 489 486 486 486 492
 508 492 492 492 495 499 502 505 525 512 515 518 521 528 531 534
 537 492 492 492 492 492 492 492 492 492 492 492 492 492 492 492
 492 492 492 492 492 492 492 499 499 499 499 499 499 499 499 468
 465 459 497 494 527 501 504 507 510 514 452 517 520 523 530 533
 536 455 429 429 429 433 429 436 429 439 442 429 446 429 449 435
 455 507 435 510 435 514 435 536 530 520 533 504 435 527 435 523
 517 478 435 452 459 462 449 465 468 472 475 442 446 436 501 481
 435 494 491 497 488 484 439 497 462 465 468 472 475 478 481 484
 488 491 494 536 501 504 507 510 514 517 520 523 527 530 533 455
 459 452 441 441 441 441 442 441 441 446 441 449 441 441 441 448
 510 507 514 448 523 520 448 448 527 448 530 533 448 536 448 504
 517 448 501 452 459 462 449 465 455 448 472 475 468 481 448 484
 488 448 491 494 448 478 497 478 491 488 484 481 462 475 472 468
 465 459 494 530 497 501 504 507 510 514 517 520 523 527 533 536
 454 455 454 454 454 454 454 454 454 454 454 454 454 454 454 460
 460 510 514 507 460 523 520 460 527 530 460 533 536 460 460 504
 517 481 501 460 462 460 465 468 472 475 460 478 460 491 460 460
 497 460 494 460 460 488 484 494 466 466 468 472 475 478 481 484
 488 491 466 530 497 501 504 507 510 514 517 520 523 527 533 466
 466 466 466 466 466 466 466 466 466 466 466 466 536 466 466 520
 472 510 472 514 472 517 472 472 472 523 527 472 530 472 533 472
 536 507 504 472 472 475 472 478 472 481 472 484 488 472 472 491
 472 494 472 497 501 472 472 0 86 115 115 115 136 136 136 152 152
 152 169 169 169 180 180 180 193 193 193 206 206 206 217 217 217
 228 228 228 240 240 240 251 251 251 466 466 466 473 473 473 479
 479 479 486 486 486 492 492 492 499 499 499 505 505 505 512 512
 512 518 518 518 525 525 525 531 531 531 537 537 537 107 120 126
 115 120 126 136 136 136 152 152 152 169 169 169 180 180 180 193
 193 193 206 206 206 217 217 217 228 228 228 240 240 240 251 251
 251 466 466 466 473 473 473 479 479 479 486 486 486 492 492 492
 499 499 499 505 505 505 512 512 512 518 518 518 525 525 525 531
 531 531 537 537 537 132 143 154 163 132 143 154 163 136 143 154
 163 152 152 154 163 169 169 169 169 180 180 180 180 193 193 193
 193 206 206 206 206 217 217 217 217 228 228 228 228 240 240 240
 240 251 251 251 251 466 466 466 466 473 473 473 473 479 479 479
 479 486 486 486 486 492 492 492 492 499 499 499 499 505 505 505
 505 512 512 512 512 518 518 518 518 525 525 525 525 531 531 531
 531 537 537 537 537 169 175 181 187 169 175 181 187 169 175 181
 187 169 175 181 187 169 175 181 187 180 180 181 187 193 193 193
 193 206 206 206 206 217 217 217 217 228 228 228 228 240 240 240
 240 251 251 251 251 466 466 466 466 473 473 473 473 479 479 479
 479 486 486 486 486 492 492 492 492 499 499 499 499 505 505 505
 505 512 512 512 512 518 518 518 518 525 525 525 525 531 531 531
 531 537 537 537 537 193 199 205 193 199 205 193 199 205 193 199
 205 193 199 205 193 199 205 193 199 205 206 206 206 217 217 217
 228 228 228 240 240 240 251 251 251 466 466 466 473 473 473 479
 479 479 486 486 486 492 492 492 499 499 499 505 505 505 512 512
 512 518 518 518 525 525 525 531 531 531 537 537 537 505 251 217
 466 473 207 479 207 486 492 207 240 207 499 525 207 537 207 531
 207 228 518 207 512 486 492 525 505 512 473 531 499 466 537 251
 240 479 518 217 213 213 213 213 213 213 213 213 228 218 525 486
 531 218 218 512 537 218 499 228 218 492 518 505 479 466 473 251
 218 218 218 240 218 224 518 240 224 537 228 486 251 224 224 531
 525 224 224 466 224 492 499 479 473 505 224 224 512 240 492 251
 466 473 479 486 531 499 505 512 518 525 537 229 229 229 229 229
 229 229 229 229 229 531 235 525 499 235 235 512 235 505 537 518
 466 235 235 235 235 251 240 235 473 479 235 486 492 512 486 489
 492 495 499 502 505 508 534 515 518 521 525 528 531 537 476 482
 479 471 473 471 471 471 471 471 471 471 471 471 471 471 471 471
 471 471 471 471 471 477 489 486 482 479 477 477 477 477 477 495
 492 531 499 502 505 508 515 518 521 525 528 477 534 537 477 512
 477 477 477 477 477 477 477 477 477 477 477 477 477 537 483 508
 483 512 515 483 483 518 531 521 525 534 483 528 483 505 483 483
 483 483 502 483 483 483 483 483 483 483 483 492 483 483 495 483
 499 489 483 486 483 489 508 489 489 492 495 499 502 505 525 512
 515 518 521 528 531 534 537 489 489 489 489 489 489 489 489 489
 489 489 489 489 489 489 489 489 489 489 489 489 489 496 496 496
 496 496 496 496 496 468 465 459 497 494 527 501 504 507 510 514
 452 517 520 523 530 533 536 455 426 426 429 433 426 436 426 439
 442 426 446 426 449 432 455 507 432 510 432 514 432 536 530 520
 533 504 432 527 432 523 517 478 432 452 459 462 449 465 468 472
 475 442 446 436 501 481 433 494 491 497 488 484 439 497 462 465
 468 472 475 478 481 484 488 491 494 536 501 504 507 510 514 517
 520 523 527 530 533 455 459 452 438 439 438 438 442 438 438 446
 438 449 438 438 438 444 510 507 514 444 523 520 444 444 527 444
 530 533 444 536 444 504 517 444 501 452 459 462 449 465 455 446
 472 475 468 481 444 484 488 444 491 494 444 478 497 478 491 488
 484 481 462 475 472 468 465 459 494 530 497 501 504 507 510 514
 517 520 523 527 533 536 452 455 451 451 451 451 451 451 451 451
 451 451 451 451 451 457 457 510 514 507 457 523 520 457 527 530
 457 533 536 457 457 504 517 481 501 459 462 457 465 468 472 475
 457 478 457 491 457 457 497 457 494 457 457 488 484 494 463 465
 468 472 475 478 481 484 488 491 463 530 497 501 504 507 510 514
 517 520 523 527 533 463 463 463 463 463 463 463 463 463 463 463
 463 463 536 463 463 520 469 510 469 514 469 517 469 469 469 523
 527 469 530 469 533 469 536 507 504 469 469 475 469 478 469 481
 469 484 488 472 469 491 469 494 469 497 501 469 469 0 115 115 115
 136 136 136 152 152 152 169 169 169 180 180 180 193 193 193 206
 206 206 217 217 217 228 228 228 240 240 240 251 251 251 466 466
 466 473 473 473 479 479 479 486 486 486 492 492 492 499 499 499
 505 505 505 512 512 512 518 518 518 525 525 525 531 531 531 537
 537 537 86 107 120 115 115 120 136 136 136 152 152 152 169 169
 169 180 180 180 193 193 193 206 206 206 217 217 217 228 228 228
 240 240 240 251 251 251 466 466 466 473 473 473 479 479 479 486
 486 486 492 492 492 499 499 499 505 505 505 512 512 512 518 518
 518 525 525 525 531 531 531 537 537 537 126 132 143 154 126 132
 143 154 136 136 143 154 152 152 152 154 169 169 169 169 180 180
 180 180 193 193 193 193 206 206 206 206 217 217 217 217 228 228
 228 228 240 240 240 240 251 251 251 251 466 466 466 466 473 473
 473 473 479 479 479 479 486 486 486 486 492 492 492 492 499 499
 499 499 505 505 505 505 512 512 512 512 518 518 518 518 525 525
 525 525 531 531 531 531 537 537 537 537 163 169 175 181 163 169
 175 181 163 169 175 181 163 169 175 181 169 169 175 181 180 180
 180 181 193 193 193 193 206 206 206 206 217 217 217 217 228 228
 228 228 240 240 240 240 251 251 251 251 466 466 466 466 473 473
 473 473 479 479 479 479 486 486 486 486 492 492 492 492 499 499
 499 499 505 505 505 505 512 512 512 512 518 518 518 518 525 525
 525 525 531 531 531 531 537 537 537 537 187 193 199 187 193 199
 187 193 199 187 193 199 187 193 199 187 193 199 193 193 199 206
 206 206 217 217 217 228 228 228 240 240 240 251 251 251 466 466
 466 473 473 473 479 479 479 486 486 486 492 492 492 499 499 499
 505 505 505 512 512 512 518 518 518 525 525 525 531 531 531 537
 537 537 505 251 217 466 473 206 479 202 486 492 202 240 202 499
 525 202 537 202 531 202 228 518 202 512 486 492 525 505 512 473
 531 499 466 537 251 240 479 518 217 207 207 207 207 207 207 207
 207 228 213 525 486 531 213 213 512 537 213 499 228 213 492 518
 505 479 466 473 251 217 213 213 240 213 218 518 240 218 537 228
 486 251 218 218 531 525 218 218 466 218 492 499 479 473 505 218
 218 512 240 492 251 466 473 479 486 531 499 505 512 518 525 537
 224 228 224 224 224 224 224 224 224 224 531 229 525 499 229 229
 512 229 505 537 518 466 229 229 229 229 251 240 229 473 479 229
 486 492 512 486 489 492 495 499 502 505 508 534 515 518 521 525
 528 531 537 476 482 479 468 473 468 468 468 468 468 468 468 468
 468 468 468 468 468 468 468 469 468 468 476 489 486 482 479 474
 474 474 474 474 495 492 531 499 502 505 508 515 518 521 525 528
 474 534 537 474 512 474 474 474 474 474 474 474 474 474 474 474
 474 474 537 480 508 480 512 515 480 480 518 531 521 525 534 480
 528 480 505 480 480 480 480 502 480 480 480 480 480 480 480 480
 492 480 480 495 480 499 489 480 486 482 486 508 486 489 492 495
 499 502 505 525 512 515 518 521 528 531 534 537 486 486 486 486
 486 486 486 486 486 486 486 486 486 486 486 486 486 486 486 486
 486 486 492 492 492 492 492 492 492 492 468 465 459 497 494 527
 501 504 507 510 514 452 517 520 523 530 533 536 455 423 423 429
 433 423 436 423 439 442 426 446 423 449 429 455 507 429 510 429
 514 429 536 530 520 533 504 429 527 429 523 517 478 429 452 459
 462 449 465 468 472 475 442 446 436 501 481 433 494 491 497 488
 484 439 497 462 465 468 472 475 478 481 484 488 491 494 536 501
 504 507 510 514 517 520 523 527 530 533 455 459 452 435 439 436
 435 442 435 435 446 435 449 435 435 435 441 510 507 514 441 523
 520 441 441 527 441 530 533 441 536 441 504 517 442 501 452 459
 462 449 465 455 446 472 475 468 481 441 484 488 441 491 494 441
 478 497 478 491 488 484 481 462 475 472 468 465 459 494 530 497
 501 504 507 510 514 517 520 523 527 533 536 452 455 448 448 448
 448 448 448 448 448 448 448 448 449 448 454 454 510 514 507 454
 523 520 454 527 530 454 533 536 454 455 504 517 481 501 459 462
 454 465 468 472 475 454 478 454 491 454 454 497 454 494 454 454
 488 484 494 460 465 468 472 475 478 481 484 488 491 462 530 497
 501 504 507 510 514 517 520 523 527 533 460 460 460 460 460 460
 460 460 460 460 460 460 460 536 460 460 520 466 510 466 514 466
 517 466 466 466 523 527 466 530 466 533 466 536 507 504 466 466
 475 468 478 466 481 466 484 488 472 466 491 466 494 466 497 501
 466 466 0 86 107 115 115 115 136 136 136 152 152 152 169 169 169
 180 180 180 193 193 193 206 206 206 217 217 217 228 228 228 240
 240 240 460 460 460 466 466 466 473 473 473 479 479 479 486 486
 486 492 492 492 499 499 499 505 505 505 512 512 512 518 518 518
 525 525 525 531 531 531 120 126 132 120 126 132 120 126 132 136
 136 136 152 152 152 169 169 169 180 180 180 193 193 193 206 206
 206 217 217 217 228 228 228 240 240 240 460 460 460 466 466 466
 473 473 473 479 479 479 486 486 486 492 492 492 499 499 499 505
 505 505 512 512 512 518 518 518 525 525 525 531 531 531 143 154
 163 169 143 154 163 169 143 154 163 169 143 154 163 169 152 154
 163 169 169 169 169 169 180 180 180 180 193 193 193 193 206 206
 206 206 217 217 217 217 228 228 228 228 240 240 240 240 460 460
 460 460 466 466 466 466 473 473 473 473 479 479 479 479 486 486
 486 486 492 492 492 492 499 499 499 499 505 505 505 505 512 512
 512 512 518 518 518 518 525 525 525 525 531 531 531 531 175 181
 187 193 175 181 187 193 175 181 187 193 175 181 187 193 175 181
 187 193 175 181 187 193 180 181 187 193 193 193 193 193 206 206
 206 206 217 217 217 217 228 228 228 228 240 240 240 240 460 460
 460 460 466 466 466 466 473 473 473 473 479 479 479 479 486 486
 486 486 492 492 492 492 499 499 499 499 505 505 505 505 512 512
 512 512 518 518 518 518 525 525 525 525 531 531 531 531 199 205
 210 199 205 210 199 205 210 199 205 210 199 205 210 199 205 210
 199 205 210 199 205 210 206 206 210 217 217 217 228 228 228 240
 240 240 460 460 460 466 466 466 473 473 473 479 479 479 486 486
 486 492 492 492 499 499 499 505 505 505 512 512 512 518 518 518
 525 525 525 531 531 531 499 240 213 460 466 213 473 213 479 486
 213 228 213 492 518 213 531 213 525 213 217 512 213 505 479 486
 518 499 505 466 525 492 460 531 240 228 473 512 218 218 218 218
 218 218 218 218 218 218 224 518 479 525 224 224 505 531 224 492
 224 224 486 512 499 473 460 466 240 224 224 224 228 224 229 512
 229 229 531 229 479 240 229 229 525 518 229 229 460 229 486 492
 473 466 499 229 229 505 235 486 240 460 466 473 479 525 492 499
 505 512 518 531 235 235 235 235 235 235 235 235 235 235 525 240
 518 492 240 240 505 240 499 531 512 460 240 240 240 240 240 240
 240 466 473 240 479 486 505 479 482 486 489 492 495 499 502 528
 508 512 515 518 521 525 531 474 476 474 474 474 474 474 474 474
 474 474 474 474 474 474 474 474 474 474 474 474 474 474 480 482
 480 480 480 480 480 480 480 480 489 486 525 492 495 499 502 508
 512 515 518 521 480 528 531 480 505 480 480 480 480 480 480 480
 480 480 480 480 480 480 531 486 502 486 505 508 486 486 512 525
 515 518 528 486 521 486 499 486 486 486 486 495 486 486 486 486
 486 486 486 486 486 486 486 489 486 492 486 486 486 486 492 502
 492 492 492 492 492 495 499 518 505 508 512 515 521 525 528 531
 492 492 492 492 492 492 492 492 492 492 492 492 492 492 492 492
 492 492 492 492 492 492 499 499 499 499 499 499 499 499 462 459
 452 491 488 520 494 497 501 504 507 446 510 514 517 523 527 530
 449 429 429 429 429 429 429 429 433 436 429 439 429 442 435 449
 501 435 504 435 507 435 530 523 514 527 497 435 520 435 517 510
 472 435 446 452 455 442 459 462 465 468 436 439 435 494 475 435
 488 484 491 481 478 435 491 455 459 462 465 468 472 475 478 481
 484 488 530 494 497 501 504 507 510 514 517 520 523 527 449 452
 446 441 441 441 441 441 441 441 441 441 442 441 441 441 448 504
 501 507 448 517 514 448 448 520 448 523 527 448 530 448 497 510
 448 494 448 452 455 448 459 449 448 465 468 462 475 448 478 481
 448 484 488 448 472 491 472 484 481 478 475 455 468 465 462 459
 454 488 523 491 494 497 501 504 507 510 514 517 520 527 530 454
 454 454 454 454 454 454 454 454 454 454 454 454 454 454 460 460
 504 507 501 460 517 514 460 520 523 460 527 530 460 460 497 510
 475 494 460 460 460 460 462 465 468 460 472 460 484 460 460 491
 460 488 460 460 481 478 488 466 466 466 466 468 472 475 478 481
 484 466 523 491 494 497 501 504 507 510 514 517 520 527 466 466
 466 466 466 466 466 466 466 466 466 466 466 530 466 466 514 472
 504 472 507 472 510 472 472 472 517 520 472 523 472 527 472 530
 501 497 472 472 472 472 472 472 475 472 478 481 472 472 484 472
 488 472 491 494 472 472 0 86 115 115 115 136 136 136 152 152 152
 169 169 169 180 180 180 193 193 193 206 206 206 217 217 217 228
 228 228 240 240 240 460 460 460 466 466 466 473 473 473 479 479
 479 486 486 486 492 492 492 499 499 499 505 505 505 512 512 512
 518 518 518 525 525 525 531 531 531 115 120 126 107 120 126 115
 120 126 136 136 136 152 152 152 169 169 169 180 180 180 193 193
 193 206 206 206 217 217 217 228 228 228 240 240 240 460 460 460
 466 466 466 473 473 473 479 479 479 486 486 486 492 492 492 499
 499 499 505 505 505 512 512 512 518 518 518 525 525 525 531 531
 531 132 143 154 163 132 143 154 163 132 143 154 163 136 143 154
 163 152 152 154 163 169 169 169 169 180 180 180 180 193 193 193
 193 206 206 206 206 217 217 217 217 228 228 228 228 240 240 240
 240 460 460 460 460 466 466 466 466 473 473 473 473 479 479 479
 479 486 486 486 486 492 492 492 492 499 499 499 499 505 505 505
 505 512 512 512 512 518 518 518 518 525 525 525 525 531 531 531
 531 169 175 181 187 169 175 181 187 169 175 181 187 169 175 181
 187 169 175 181 187 169 175 181 187 180 180 181 187 193 193 193
 193 206 206 206 206 217 217 217 217 228 228 228 228 240 240 240
 240 460 460 460 460 466 466 466 466 473 473 473 473 479 479 479
 479 486 486 486 486 492 492 492 492 499 499 499 499 505 505 505
 505 512 512 512 512 518 518 518 518 525 525 525 525 531 531 531
 531 193 199 205 193 199 205 193 199 205 193 199 205 193 199 205
 193 199 205 193 199 205 193 199 205 206 206 206 217 217 217 228
 228 228 240 240 240 460 460 460 466 466 466 473 473 473 479 479
 479 486 486 486 492 492 492 499 499 499 505 505 505 512 512 512
 518 518 518 525 525 525 531 531 531 499 240 207 460 466 207 473
 207 479 486 207 228 207 492 518 207 531 207 525 207 217 512 207
 505 479 486 518 499 505 466 525 492 460 531 240 228 473 512 213
 213 213 213 213 213 213 213 213 217 218 518 479 525 218 218 505
 531 218 492 218 218 486 512 499 473 460 466 240 218 218 218 228
 218 224 512 228 224 531 224 479 240 224 224 525 518 224 224 460
 224 486 492 473 466 499 224 224 505 229 486 240 460 466 473 479
 525 492 499 505 512 518 531 229 229 229 229 229 229 229 229 229
 229 525 235 518 492 235 235 505 235 499 531 512 460 235 235 235
 235 240 235 235 466 473 235 479 486 505 479 482 486 489 492 495
 499 502 528 508 512 515 518 521 525 531 471 476 473 471 471 471
 471 471 471 471 471 471 471 471 471 471 471 471 471 471 471 471
 471 477 482 479 477 477 477 477 477 477 477 489 486 525 492 495
 499 502 508 512 515 518 521 477 528 531 477 505 477 477 477 477
 477 477 477 477 477 477 477 477 477 531 483 502 483 505 508 483
 483 512 525 515 518 528 483 521 483 499 483 483 483 483 495 483
 483 483 483 483 483 483 483 486 483 483 489 483 492 483 483 483
 483 489 502 489 489 489 489 492 495 499 518 505 508 512 515 521
 525 528 531 489 489 489 489 489 489 489 489 489 489 489 489 489
 489 489 489 489 489 489 489 489 489 496 496 496 496 496 496 496
 496 462 459 452 491 488 520 494 497 501 504 507 446 510 514 517
 523 527 530 449 426 426 426 426 426 429 426 433 436 426 439 426
 442 432 449 501 432 504 432 507 432 530 523 514 527 497 432 520
 432 517 510 472 432 446 452 455 442 459 462 465 468 436 439 432
 494 475 432 488 484 491 481 478 433 491 455 459 462 465 468 472
 475 478 481 484 488 530 494 497 501 504 507 510 514 517 520 523
 527 449 452 446 438 438 438 438 438 438 438 439 438 442 438 438
 438 444 504 501 507 444 517 514 444 444 520 444 523 527 444 530
 444 497 510 444 494 446 452 455 444 459 449 444 465 468 462 475
 444 478 481 444 484 488 444 472 491 472 484 481 478 475 455 468
 465 462 459 452 488 523 491 494 497 501 504 507 510 514 517 520
 527 530 451 451 451 451 451 451 451 451 451 451 451 451 451 451
 451 457 457 504 507 501 457 517 514 457 520 523 457 527 530 457
 457 497 510 475 494 457 457 457 459 462 465 468 457 472 457 484
 457 457 491 457 488 457 457 481 478 488 463 463 463 465 468 472
 475 478 481 484 463 523 491 494 497 501 504 507 510 514 517 520
 527 463 463 463 463 463 463 463 463 463 463 463 463 463 530 463
 463 514 469 504 469 507 469 510 469 469 469 517 520 469 523 469
 527 469 530 501 497 469 469 469 469 472 469 475 469 478 481 469
 469 484 469 488 469 491 494 469 469 0 115 115 115 136 136 136 152
 152 152 169 169 169 180 180 180 193 193 193 206 206 206 217 217
 217 228 228 228 240 240 240 460 460 460 466 466 466 473 473 473
 479 479 479 486 486 486 492 492 492 499 499 499 505 505 505 512
 512 512 518 518 518 525 525 525 531 531 531 115 115 120 86 107
 120 115 115 120 136 136 136 152 152 152 169 169 169 180 180 180
 193 193 193 206 206 206 217 217 217 228 228 228 240 240 240 460
 460 460 466 466 466 473 473 473 479 479 479 486 486 486 492 492
 492 499 499 499 505 505 505 512 512 512 518 518 518 525 525 525
 531 531 531 126 132 143 154 126 132 143 154 126 132 143 154 136
 136 143 154 152 152 152 154 169 169 169 169 180 180 180 180 193
 193 193 193 206 206 206 206 217 217 217 217 228 228 228 228 240
 240 240 240 460 460 460 460 466 466 466 466 473 473 473 473 479
 479 479 479 486 486 486 486 492 492 492 492 499 499 499 499 505
 505 505 505 512 512 512 512 518 518 518 518 525 525 525 525 531
 531 531 531 163 169 175 181 163 169 175 181 163 169 175 181 163
 169 175 181 163 169 175 181 169 169 175 181 180 180 180 181 193
 193 193 193 206 206 206 206 217 217 217 217 228 228 228 228 240
 240 240 240 460 460 460 460 466 466 466 466 473 473 473 473 479
 479 479 479 486 486 486 486 492 492 492 492 499 499 499 499 505
 505 505 505 512 512 512 512 518 518 518 518 525 525 525 525 531
 531 531 531 187 193 199 187 193 199 187 193 199 187 193 199 187
 193 199 187 193 199 187 193 199 193 193 199 206 206 206 217 217
 217 228 228 228 240 240 240 460 460 460 466 466 466 473 473 473
 479 479 479 486 486 486 492 492 492 499 499 499 505 505 505 512
 512 512 518 518 518 525 525 525 531 531 531 499 240 206 460 466
 202 473 202 479 486 202 228 202 492 518 202 531 202 525 202 217
 512 202 505 479 486 518 499 505 466 525 492 460 531 240 228 473
 512 207 207 207 207 207 207 207 207 207 217 213 518 479 525 213
 213 505 531 213 492 217 213 486 512 499 473 460 466 240 213 213
 213 228 213 218 512 228 218 531 218 479 240 218 218 525 518 218
 218 460 218 486 492 473 466 499 218 218 505 228 486 240 460 466
 473 479 525 492 499 505 512 518 531 224 224 224 224 224 224 224
 224 224 224 525 229 518 492 229 229 505 229 499 531 512 460 229
 229 229 229 240 229 229 466 473 229 479 486 505 479 482 486 489
 492 495 499 502 528 508 512 515 518 521 525 531 469 476 473 468
 468 468 468 468 468 468 468 468 468 468 468 468 468 468 468 468
 468 468 468 474 482 479 476 474 474 474 474 474 474 489 486 525
 492 495 499 502 508 512 515 518 521 474 528 531 474 505 474 474
 474 474 474 474 474 474 474 474 474 474 474 531 480 502 480 505
 508 480 480 512 525 515 518 528 480 521 480 499 480 480 480 480
 495 480 480 480 480 480 480 480 480 486 480 480 489 480 492 482
 480 480 480 486 502 486 486 486 489 492 495 499 518 505 508 512
 515 521 525 528 531 486 486 486 486 486 486 486 486 486 486 486
 486 486 486 486 486 486 486 486 486 486 486 492 492 492 492 492
 492 492 492 462 459 452 491 488 520 494 497 501 504 507 446 510
 514 517 523 527 530 449 423 423 423 426 423 429 423 433 436 423
 439 423 442 429 449 501 429 504 429 507 429 530 523 514 527 497
 429 520 429 517 510 472 429 446 452 455 442 459 462 465 468 436
 439 429 494 475 429 488 484 491 481 478 433 491 455 459 462 465
 468 472 475 478 481 484 488 530 494 497 501 504 507 510 514 517
 520 523 527 449 452 446 435 435 435 435 436 435 435 439 435 442
 435 435 435 441 504 501 507 441 517 514 441 441 520 441 523 527
 441 530 441 497 510 441 494 446 452 455 442 459 449 441 465 468
 462 475 441 478 481 441 484 488 441 472 491 472 484 481 478 475
 455 468 465 462 459 452 488 523 491 494 497 501 504 507 510 514
 517 520 527 530 448 449 448 448 448 448 448 448 448 448 448 448
 448 448 448 454 454 504 507 501 454 517 514 454 520 523 454 527
 530 454 454 497 510 475 494 454 455 454 459 462 465 468 454 472
 454 484 454 454 491 454 488 454 454 481 478 488 460 460 462 465
 468 472 475 478 481 484 460 523 491 494 497 501 504 507 510 514
 517 520 527 460 460 460 460 460 460 460 460 460 460 460 460 460
 530 460 460 514 466 504 466 507 466 510 466 466 466 517 520 466
 523 466 527 466 530 501 497 466 466 468 466 472 466 475 466 478
 481 466 466 484 466 488 466 491 494 466 466 0 86 107 115 115 115
 136 136 136 152 152 152 169 169 169 180 180 180 193 193 193 206
 206 206 217 217 217 228 228 228 453 453 453 460 460 460 466 466
 466 473 473 473 479 479 479 486 486 486 492 492 492 499 499 499
 505 505 505 512 512 512 518 518 518 525 525 525 136 136 136 120
 126 132 120 126 132 120 126 132 136 136 136 152 152 152 169 169
 169 180 180 180 193 193 193 206 206 206 217 217 217 228 228 228
 453 453 453 460 460 460 466 466 466 473 473 473 479 479 479 486
 486 486 492 492 492 499 499 499 505 505 505 512 512 512 518 518
 518 525 525 525 143 154 163 169 143 154 163 169 143 154 163 169
 143 154 163 169 143 154 163 169 152 154 163 169 169 169 169 169
 180 180 180 180 193 193 193 193 206 206 206 206 217 217 217 217
 228 228 228 228 453 453 453 453 460 460 460 460 466 466 466 466
 473 473 473 473 479 479 479 479 486 486 486 486 492 492 492 492
 499 499 499 499 505 505 505 505 512 512 512 512 518 518 518 518
 525 525 525 525 175 181 187 193 175 181 187 193 175 181 187 193
 175 181 187 193 175 181 187 193 175 181 187 193 175 181 187 193
 180 181 187 193 193 193 193 193 206 206 206 206 217 217 217 217
 228 228 228 228 453 453 453 453 460 460 460 460 466 466 466 466
 473 473 473 473 479 479 479 479 486 486 486 486 492 492 492 492
 499 499 499 499 505 505 505 505 512 512 512 512 518 518 518 518
 525 525 525 525 199 205 210 199 205 210 199 205 210 199 205 210
 199 205 210 199 205 210 199 205 210 199 205 210 199 205 210 206
 206 210 217 217 217 228 228 228 453 453 453 460 460 460 466 466
 466 473 473 473 479 479 479 486 486 486 492 492 492 499 499 499
 505 505 505 512 512 512 518 518 518 525 525 525 492 228 213 453
 460 213 466 213 473 479 213 217 213 486 512 213 525 213 518 213
 213 505 213 499 473 479 512 492 499 460 518 486 453 525 228 218
 466 505 218 218 218 218 218 218 218 218 218 218 224 512 473 518
 224 224 499 525 224 486 224 224 479 505 492 466 453 460 228 224
 224 224 224 224 229 505 229 229 525 229 473 229 229 229 518 512
 229 229 453 229 479 486 466 460 492 229 229 499 235 479 235 453
 460 466 473 518 486 492 499 505 512 525 235 235 235 235 235 235
 235 235 235 235 518 240 512 486 240 240 499 240 49