NAME : vm1084
COMMENT : 1084-city problem (Reinelt)
TYPE : TSP
DIMENSION : 1084
EDGE_WEIGHT_TYPE : EUC_2D
NODE_COORD_SECTION
1 4.08000e+03 5.23600e+03
2 4.68800e+03 6.46800e+03
3 5.29600e+03 9.21800e+03
4 9.39200e+03 1.09560e+04
5 9.53600e+03 9.94400e+03
6 9.68000e+03 7.10600e+03
7 9.93600e+03 9.10800e+03
8 1.02400e+04 6.24800e+03
9 1.05440e+04 5.25800e+03
10 1.55040e+04 6.05000e+03
11 1.55520e+04 8.09600e+03
12 1.56000e+04 1.00320e+04
13 1.88640e+04 1.16490e+04
14 1.88955e+04 1.13300e+04
15 1.89280e+04 7.49100e+03
16 1.89280e+04 1.11540e+04
17 1.24960e+04 9.54800e+03
18 1.25280e+04 7.12800e+03
19 1.25600e+04 5.69800e+03
20 8.88000e+03 8.88800e+03
21 9.98400e+03 5.80800e+03
22 1.10880e+04 5.03800e+03
23 1.19520e+04 5.36800e+03
24 1.19680e+04 6.46800e+03
25 1.19840e+04 9.21800e+03
26 1.23680e+04 9.21800e+03
27 1.24320e+04 6.46800e+03
28 1.24960e+04 5.36800e+03
29 1.32640e+04 9.32800e+03
30 1.33120e+04 6.68800e+03
31 1.33600e+04 5.47800e+03
32 5.60000e+02 4.53200e+03
33 5.60000e+02 8.51400e+03
34 6.40000e+02 5.06000e+03
35 7.20000e+02 4.53200e+03
36 5.93600e+03 7.98600e+03
37 1.37760e+04 9.54800e+03
38 1.38400e+04 7.12800e+03
39 1.39040e+04 5.69800e+03
40 1.44800e+04 1.09560e+04
41 1.46240e+04 9.94400e+03
42 1.47680e+04 7.10600e+03
43 7.85600e+03 1.01420e+04
44 7.90400e+03 8.31600e+03
45 7.95200e+03 6.16000e+03
46 1.20000e+03 5.94000e+03
47 1.71200e+03 7.87600e+03
48 2.22400e+03 9.92200e+03
49 1.48800e+03 5.83000e+03
50 2.27200e+03 7.65600e+03
51 3.05600e+03 9.81200e+03
52 6.24000e+02 1.17700e+04
53 7.20000e+02 1.15720e+04
54 8.16000e+02 7.78800e+03
55 3.49500e+02 1.13520e+04
56 4.32000e+02 1.16600e+04
57 2.19200e+03 4.42200e+03
58 2.48000e+03 4.84000e+03
59 2.76800e+03 4.42200e+03
60 3.05600e+03 4.84000e+03
61 3.34400e+03 4.42200e+03
62 3.63200e+03 4.84000e+03
63 3.92000e+03 4.42200e+03
64 3.92000e+03 7.94200e+03
65 4.64000e+03 1.10440e+04
66 5.36000e+03 1.15060e+04
67 5.48800e+03 7.56800e+03
68 5.53600e+03 1.11320e+04
69 5.58400e+03 1.15500e+04
70 1.71200e+03 4.20200e+03
71 2.00000e+03 4.40000e+03
72 2.28800e+03 4.20200e+03
73 2.57600e+03 4.40000e+03
74 2.86400e+03 4.20200e+03
75 2.86400e+03 5.21400e+03
76 3.13600e+03 6.02800e+03
77 3.40800e+03 8.99800e+03
78 3.42400e+03 6.02800e+03
79 3.44000e+03 5.01600e+03
80 7.98400e+03 7.98600e+03
81 1.41600e+04 9.65800e+03
82 1.41760e+04 7.34800e+03
83 1.41920e+04 5.80800e+03
84 1.43840e+04 9.65800e+03
85 1.44320e+04 7.34800e+03
86 1.44800e+04 5.80800e+03
87 1.30720e+04 8.11800e+03
88 1.42400e+03 6.05000e+03
89 2.09600e+03 8.09600e+03
90 2.76800e+03 9.72400e+03
91 2.76800e+03 1.16600e+04
92 2.94400e+03 1.13520e+04
93 3.12000e+03 1.16600e+04
94 7.69600e+03 1.01420e+04
95 7.76000e+03 8.31600e+03
96 7.82400e+03 6.16000e+03
97 1.45600e+03 6.86400e+03
98 2.27200e+03 9.72400e+03
99 3.08800e+03 1.08460e+04
100 1.27520e+04 9.54800e+03
101 1.27680e+04 7.12800e+03
102 1.27840e+04 5.69800e+03
103 2.86400e+03 1.00320e+04
104 3.55200e+03 8.09600e+03
105 4.24000e+03 6.05000e+03
106 8.01600e+03 4.42200e+03
107 8.04800e+03 4.84000e+03
108 8.08000e+03 8.40400e+03
109 8.19200e+03 4.84000e+03
110 8.30400e+03 4.42200e+03
111 8.33600e+03 4.84000e+03
112 8.36800e+03 4.42200e+03
113 8.47950e+03 4.84000e+03
114 8.59200e+03 4.31200e+03
115 8.62400e+03 4.62000e+03
116 8.59200e+03 4.70800e+03
117 8.65600e+03 4.31200e+03
118 8.76800e+03 4.62000e+03
119 8.88000e+03 4.09200e+03
120 8.88000e+03 4.40000e+03
121 8.91200e+03 4.18000e+03
122 8.94400e+03 4.09200e+03
123 5.92000e+02 1.11760e+04
124 7.36000e+02 1.03840e+04
125 8.80000e+02 7.19400e+03
126 1.16640e+04 5.69800e+03
127 1.18560e+04 7.12800e+03
128 1.20480e+04 9.54800e+03
129 1.29760e+04 8.53600e+03
130 1.31840e+04 5.10400e+03
131 1.33920e+04 4.68600e+03
132 1.42880e+04 9.65800e+03
133 1.43040e+04 7.34800e+03
134 1.43200e+04 5.80800e+03
135 1.83840e+04 1.17590e+04
136 1.86265e+04 1.15500e+04
137 1.62080e+04 1.02080e+04
138 1.63840e+04 8.44800e+03
139 1.65600e+04 6.22600e+03
140 1.13760e+04 5.03800e+03
141 1.23840e+04 5.80800e+03
142 1.33920e+04 8.88800e+03
143 9.96800e+03 5.69800e+03
144 1.00320e+04 7.12800e+03
145 1.00960e+04 9.54800e+03
146 1.02560e+04 5.69800e+03
147 1.08160e+04 7.12800e+03
148 1.13760e+04 9.54800e+03
149 1.58240e+04 5.78600e+03
150 1.59200e+04 7.56800e+03
151 1.60160e+04 9.76800e+03
152 1.00800e+03 4.31200e+03
153 1.05600e+03 4.62000e+03
154 1.10400e+03 4.31200e+03
155 1.10400e+03 8.05200e+03
156 1.16800e+03 1.14840e+04
157 1.23200e+03 1.17260e+04
158 1.52800e+04 6.27000e+03
159 1.56000e+04 8.53600e+03
160 1.59200e+04 1.02520e+04
161 1.73600e+04 1.18800e+04
162 1.75680e+04 1.17920e+04
163 1.77760e+04 1.18800e+04
164 1.79840e+04 1.17920e+04
165 1.81920e+04 1.18800e+04
166 1.84000e+04 1.17920e+04
167 1.86080e+04 1.18800e+04
168 6.48000e+03 8.62400e+03
169 6.52800e+03 5.28000e+03
170 6.57600e+03 4.64200e+03
171 6.16000e+03 4.64200e+03
172 6.27200e+03 5.28000e+03
173 6.38400e+03 8.62400e+03
174 5.52000e+03 9.98800e+03
175 5.55200e+03 8.00800e+03
176 5.58400e+03 6.00600e+03
177 1.96800e+03 6.75400e+03
178 1.98400e+03 9.50400e+03
179 2.00000e+03 1.07360e+04
180 6.19200e+03 6.75400e+03
181 1.13440e+04 9.50400e+03
182 1.64960e+04 1.07360e+04
183 8.94400e+03 9.92200e+03
184 8.96000e+03 7.87600e+03
185 8.97600e+03 5.94000e+03
186 4.43200e+03 7.19400e+03
187 9.82400e+03 1.03840e+04
188 1.52160e+04 1.11760e+04
189 4.49600e+03 5.78600e+03
190 1.00640e+04 7.56800e+03
191 1.56320e+04 9.76800e+03
192 7.21600e+03 1.00320e+04
193 7.36000e+03 8.09600e+03
194 7.50400e+03 6.05000e+03
195 4.72000e+03 5.45600e+03
196 1.03840e+04 6.90800e+03
197 1.60480e+04 9.43800e+03
198 4.78400e+03 6.49000e+03
199 1.06240e+04 8.97600e+03
200 1.64640e+04 1.04720e+04
201 1.29600e+03 1.03180e+04
202 1.34450e+03 8.31600e+03
203 1.29600e+03 8.49200e+03
204 1.39200e+03 6.16000e+03
205 1.56960e+04 6.05000e+03
206 1.57120e+04 8.09600e+03
207 1.57280e+04 9.83400e+03
208 1.57280e+04 1.17700e+04
209 1.63520e+04 1.15720e+04
210 1.69760e+04 1.17700e+04
211 1.17920e+04 9.21800e+03
212 1.18080e+04 6.46800e+03
213 1.18240e+04 5.36800e+03
214 1.12160e+04 8.11800e+03
215 3.36000e+02 1.13960e+04
216 3.52000e+02 1.08240e+04
217 3.68000e+02 7.41400e+03
218 1.46080e+04 1.02520e+04
219 1.46240e+04 8.53600e+03
220 1.46400e+04 6.40200e+03
221 1.39680e+04 9.65800e+03
222 1.40000e+04 7.34800e+03
223 1.40320e+04 5.80800e+03
224 1.04160e+04 6.99600e+03
225 1.04320e+04 9.72400e+03
226 1.04480e+04 1.08460e+04
227 9.80800e+03 5.69800e+03
228 9.84000e+03 7.12800e+03
229 9.87200e+03 9.54800e+03
230 1.52480e+04 5.94000e+03
231 1.52800e+04 7.87600e+03
232 1.53120e+04 9.92200e+03
233 1.32000e+04 9.32800e+03
234 1.32160e+04 6.68800e+03
235 1.32320e+04 5.47800e+03
236 1.25600e+04 1.08460e+04
237 1.25920e+04 9.72400e+03
238 1.26240e+04 6.99600e+03
239 3.92000e+03 1.16600e+04
240 3.95200e+03 1.13520e+04
241 3.98400e+03 7.67800e+03
242 4.01600e+03 6.64400e+03
243 4.03200e+03 9.28400e+03
244 4.04800e+03 1.06260e+04
245 4.04800e+03 6.27000e+03
246 4.20800e+03 8.53600e+03
247 4.36800e+03 1.02520e+04
248 3.82400e+03 1.02520e+04
249 3.88800e+03 8.53600e+03
250 3.95200e+03 6.27000e+03
251 4.11200e+03 5.67600e+03
252 4.41600e+03 7.34800e+03
253 4.72000e+03 9.65800e+03
254 4.14400e+03 6.64400e+03
255 4.46400e+03 9.28400e+03
256 4.78400e+03 1.06260e+04
257 4.17600e+03 4.90600e+03
258 4.56000e+03 5.80800e+03
259 4.94400e+03 8.88800e+03
260 4.20800e+03 5.01600e+03
261 4.60800e+03 6.02800e+03
262 5.00800e+03 8.99800e+03
263 5.28000e+02 4.09200e+03
264 1.58400e+03 4.18000e+03
265 2.64000e+03 4.09200e+03
266 1.21120e+04 4.46600e+03
267 1.47520e+04 4.66400e+03
268 1.73920e+04 4.15800e+03
269 1.73920e+04 8.11800e+03
270 1.74560e+04 1.15720e+04
271 1.73920e+04 4.51000e+03
272 1.75200e+04 1.17700e+04
273 1.08000e+04 7.10600e+03
274 1.08640e+04 9.94400e+03
275 1.09280e+04 1.09560e+04
276 1.07040e+04 5.47800e+03
277 1.07200e+04 6.68800e+03
278 1.07360e+04 9.32800e+03
279 1.66880e+04 6.22600e+03
280 1.69280e+04 8.44800e+03
281 1.71680e+04 1.02080e+04
282 1.35200e+04 4.57600e+03
283 1.57760e+04 4.88400e+03
284 1.80320e+04 8.42600e+03
285 1.80635e+04 4.88400e+03
286 1.80960e+04 4.26800e+03
287 1.80960e+04 4.70800e+03
288 1.09280e+04 6.73200e+03
289 1.36800e+04 9.19600e+03
290 1.64320e+04 8.38200e+03
291 1.67360e+04 7.56800e+03
292 1.64320e+04 1.05820e+04
293 1.70400e+04 5.78600e+03
294 9.42400e+03 4.92800e+03
295 9.47200e+03 5.58800e+03
296 9.52000e+03 8.77800e+03
297 1.02560e+04 1.09560e+04
298 1.04640e+04 9.94400e+03
299 1.06720e+04 7.10600e+03
300 1.37440e+04 4.68600e+03
301 1.60915e+04 5.10400e+03
302 1.84480e+04 4.37800e+03
303 1.84480e+04 4.92800e+03
304 1.85125e+04 5.10400e+03
305 1.85760e+04 8.53600e+03
306 6.56000e+02 4.31200e+03
307 8.16000e+02 4.62000e+03
308 9.76000e+02 4.31200e+03
309 9.76000e+02 4.75200e+03
310 9.92500e+02 4.92800e+03
311 1.00800e+03 8.44800e+03
312 1.07200e+03 4.92800e+03
313 1.13600e+03 4.46600e+03
314 1.21760e+04 9.21800e+03
315 1.22080e+04 6.46800e+03
316 1.22400e+04 5.36800e+03
317 1.88000e+04 7.98600e+03
318 1.48000e+04 9.65800e+03
319 1.48640e+04 7.34800e+03
320 1.49280e+04 5.80800e+03
321 9.52000e+03 4.55400e+03
322 9.61600e+03 4.84000e+03
323 9.71200e+03 8.40400e+03
324 1.63360e+04 5.78600e+03
325 1.63520e+04 7.56800e+03
326 1.63680e+04 9.76800e+03
327 1.08320e+04 5.25800e+03
328 1.11840e+04 6.24800e+03
329 1.15360e+04 9.10800e+03
330 1.22080e+04 5.69800e+03
331 1.22400e+04 7.12800e+03
332 1.22720e+04 9.54800e+03
333 1.23360e+04 4.90600e+03
334 1.50400e+04 5.54400e+03
335 1.77440e+04 4.77400e+03
336 1.79200e+04 5.54400e+03
337 1.80960e+04 8.75600e+03
338 1.26880e+04 9.21800e+03
339 1.31680e+04 6.46800e+03
340 1.36480e+04 5.36800e+03
341 1.28800e+04 9.54800e+03
342 1.32480e+04 7.12800e+03
343 1.36160e+04 5.69800e+03
344 1.46720e+04 1.02520e+04
345 1.48480e+04 8.53600e+03
346 1.50240e+04 6.40200e+03
347 5.80800e+03 4.09200e+03
348 5.80800e+03 8.07400e+03
349 5.84000e+03 4.18000e+03
350 5.87200e+03 4.09200e+03
351 3.47200e+03 9.76800e+03
352 3.66400e+03 7.56800e+03
353 3.85600e+03 5.78600e+03
354 3.36000e+02 4.20200e+03
355 6.24000e+02 4.40000e+03
356 9.12000e+02 4.20200e+03
357 1.13440e+04 1.02520e+04
358 1.29440e+04 8.53600e+03
359 1.45440e+04 1.02520e+04
360 1.78720e+04 7.78800e+03
361 1.79040e+04 1.15720e+04
362 1.79360e+04 1.17700e+04
363 3.68000e+02 1.15500e+04
364 4.16000e+02 1.11320e+04
365 4.64000e+02 7.56800e+03
366 1.75200e+04 7.63400e+03
367 1.75680e+04 1.12640e+04
368 1.76160e+04 1.16160e+04
369 4.68800e+03 4.42200e+03
370 5.90400e+03 4.84000e+03
371 7.12000e+03 8.40400e+03
372 1.74400e+03 4.53200e+03
373 3.42400e+03 5.06000e+03
374 5.10400e+03 4.53200e+03
375 3.79200e+03 8.73400e+03
376 5.55200e+03 5.50000e+03
377 7.31200e+03 8.73400e+03
378 1.71680e+04 6.07200e+03
379 1.72000e+04 8.14000e+03
380 1.72320e+04 1.00540e+04
381 3.50400e+03 6.75400e+03
382 4.83200e+03 9.50400e+03
383 6.16000e+03 1.07360e+04
384 1.93600e+03 7.78800e+03
385 3.26400e+03 1.15720e+04
386 4.59200e+03 1.17700e+04
387 6.06400e+03 8.51400e+03
388 7.85600e+03 5.06000e+03
389 9.64800e+03 8.51400e+03
390 1.68160e+04 6.11600e+03
391 1.68480e+04 8.22800e+03
392 1.68800e+04 1.00980e+04
393 1.57920e+04 6.05000e+03
394 1.62560e+04 8.09600e+03
395 1.67200e+04 1.00320e+04
396 2.35200e+03 6.38000e+03
397 3.80800e+03 8.75600e+03
398 5.26400e+03 1.03620e+04
399 1.64640e+04 6.33600e+03
400 1.67360e+04 8.66800e+03
401 1.70080e+04 1.03180e+04
402 1.61120e+04 5.78600e+03
403 1.61920e+04 7.56800e+03
404 1.62720e+04 9.76800e+03
405 9.16800e+03 7.98600e+03
406 1.33600e+04 1.16600e+04
407 1.47360e+04 1.13520e+04
408 1.61120e+04 1.16600e+04
409 2.92800e+03 7.08400e+03
410 4.94400e+03 1.01640e+04
411 6.96000e+03 1.10660e+04
412 1.77600e+03 6.97400e+03
413 4.14400e+03 9.94400e+03
414 6.51200e+03 1.09560e+04
415 4.14400e+03 1.16600e+04
416 6.97600e+03 1.13520e+04
417 9.80800e+03